
 Performance of golden standard model:
token_fitness
{"perc_fit_traces": 51.2, "average_trace_fitness": 0.8983166847006364, "log_fitness": 0.9197670295445483, "percentage_of_fitting_traces": 51.2}
precision
0.9961489940906978
0.7241379310344828
generalization
0.8725087291506948

 Xixi split labels:
['D_X_1']

 Xixi refined log results:

 IM without noise threshold:
token_fitness
{"perc_fit_traces": 100.0, "average_trace_fitness": 1.0, "log_fitness": 1.0, "percentage_of_fitting_traces": 100.0}
precision
0.8359044995408632
0.7454545454545455
generalization
0.9613582755835514

 Xixi clustering:
Clustering with 249 elements and 2 clusters

[1] 0, 1, 2, 3, 4, 5, 6, 7, 8, 9, 10, 11, 12, 13, 14, 15, 16, 17, 18, 19, 20,
    21, 22, 23, 24, 25, 26, 27, 28, 29, 30, 31, 32, 33, 34, 35, 36, 37, 38,
    39, 40, 41, 42, 43, 44, 45, 46, 47, 48, 49, 50, 51, 52, 53, 54, 55, 56,
    57, 58, 59, 60, 61, 62, 63, 64, 65, 66, 67, 68, 69, 70, 71, 72, 73, 74,
    75, 76, 77, 78, 79, 80, 81, 82, 83, 84, 85, 86, 87, 88, 89, 90, 91, 92,
    93, 94, 95, 96, 97, 98, 99, 100, 101, 102, 103, 104, 105, 106, 107, 108,
    109, 110, 111, 112, 113, 114, 115, 116, 117, 118, 119, 120, 121, 122, 123,
    124, 125, 126, 127, 128, 129, 130, 131, 132, 133, 134, 135, 136, 137, 138,
    139, 140, 141, 142, 143, 144, 145, 146, 147, 148, 149, 150, 151, 152, 153,
    154, 155, 156, 157, 158, 159, 160, 161, 162, 163, 164, 165, 166, 167, 168,
    169, 170, 171, 172, 173, 174, 175, 176, 177, 178, 179, 180, 181, 182, 183,
    184, 185, 186, 187, 188, 189, 190, 191, 192, 193, 194, 195, 196, 197, 198,
    199, 200, 201, 202, 203, 204, 205, 206, 207, 208, 209, 210, 211, 212, 213,
    214, 215, 216, 217, 218, 219, 220, 221, 222, 223, 224, 225, 226, 227, 228,
    229, 230, 231, 232, 233, 234, 235, 236, 237, 238, 239, 240, 241, 242, 243,
    244, 245, 246, 247, 248

 Data from log without imprecise labels

 IM without noise threshold:
token_fitness
{"perc_fit_traces": 100.0, "average_trace_fitness": 1.0, "log_fitness": 1.0, "percentage_of_fitting_traces": 100.0}
precision
0.9876044699032773
0.7241379310344828
generalization
0.9585218823660074

 Original Labels:
['I', 'H', 'C', 'D']

 Ground truth clustering clustering:
Clustering with 249 elements and 4 clusters
[0] 1, 12, 15, 17, 24, 35, 38, 44, 50, 76, 78, 84, 92, 103, 108, 113, 115,
    119, 122, 124, 128, 132, 135, 142, 156, 159, 167, 176, 192, 196, 200, 210,
    220, 231, 241, 248
[1] 3, 5, 9, 26, 30, 60, 63, 65, 68, 73, 80, 86, 90, 101, 106, 145, 149, 151,
    162, 170, 179, 182, 184, 194, 198, 203, 207, 214, 223, 225, 235, 243
[2] 2, 4, 8, 10, 11, 13, 14, 18, 19, 20, 25, 27, 29, 32, 33, 37, 39, 40, 41,
    42, 43, 45, 46, 47, 48, 52, 54, 55, 58, 61, 62, 66, 67, 69, 70, 71, 74,
    75, 81, 82, 83, 85, 87, 88, 89, 93, 94, 97, 98, 105, 111, 112, 114, 116,
    121, 123, 125, 127, 130, 134, 137, 140, 141, 144, 146, 150, 152, 153, 155,
    157, 158, 161, 165, 168, 169, 172, 175, 178, 180, 190, 193, 195, 201, 204,
    205, 208, 212, 215, 216, 219, 224, 228, 232, 234, 236, 242, 244, 246
[3] 0, 6, 7, 16, 21, 22, 23, 28, 31, 34, 36, 49, 51, 53, 56, 57, 59, 64, 72,
    77, 79, 91, 95, 96, 99, 100, 102, 104, 107, 109, 110, 117, 118, 120, 126,
    129, 131, 133, 136, 138, 139, 143, 147, 148, 154, 160, 163, 164, 166, 171,
    173, 174, 177, 181, 183, 185, 186, 187, 188, 189, 191, 197, 199, 202, 206,
    209, 211, 213, 217, 218, 221, 222, 226, 227, 229, 230, 233, 237, 238, 239,
    240, 245, 247

 Xixi Adjusted Rand Index:
-1.5874430910589206e-16

 Performance of golden standard model:
token_fitness
{"perc_fit_traces": 65.9, "average_trace_fitness": 0.9362448900168154, "log_fitness": 0.9439772115440327, "percentage_of_fitting_traces": 65.9}
precision
0.9951636061361747
0.7241379310344828
generalization
0.9146054156992152

 Xixi split labels:
['D_X_1']

 Xixi refined log results:

 IM without noise threshold:
token_fitness
{"perc_fit_traces": 100.0, "average_trace_fitness": 1.0, "log_fitness": 1.0, "percentage_of_fitting_traces": 100.0}
precision
0.8359044995408632
0.7454545454545455
generalization
0.9613582755835514

 Xixi clustering:
Clustering with 249 elements and 2 clusters

[1] 0, 1, 2, 3, 4, 5, 6, 7, 8, 9, 10, 11, 12, 13, 14, 15, 16, 17, 18, 19, 20,
    21, 22, 23, 24, 25, 26, 27, 28, 29, 30, 31, 32, 33, 34, 35, 36, 37, 38,
    39, 40, 41, 42, 43, 44, 45, 46, 47, 48, 49, 50, 51, 52, 53, 54, 55, 56,
    57, 58, 59, 60, 61, 62, 63, 64, 65, 66, 67, 68, 69, 70, 71, 72, 73, 74,
    75, 76, 77, 78, 79, 80, 81, 82, 83, 84, 85, 86, 87, 88, 89, 90, 91, 92,
    93, 94, 95, 96, 97, 98, 99, 100, 101, 102, 103, 104, 105, 106, 107, 108,
    109, 110, 111, 112, 113, 114, 115, 116, 117, 118, 119, 120, 121, 122, 123,
    124, 125, 126, 127, 128, 129, 130, 131, 132, 133, 134, 135, 136, 137, 138,
    139, 140, 141, 142, 143, 144, 145, 146, 147, 148, 149, 150, 151, 152, 153,
    154, 155, 156, 157, 158, 159, 160, 161, 162, 163, 164, 165, 166, 167, 168,
    169, 170, 171, 172, 173, 174, 175, 176, 177, 178, 179, 180, 181, 182, 183,
    184, 185, 186, 187, 188, 189, 190, 191, 192, 193, 194, 195, 196, 197, 198,
    199, 200, 201, 202, 203, 204, 205, 206, 207, 208, 209, 210, 211, 212, 213,
    214, 215, 216, 217, 218, 219, 220, 221, 222, 223, 224, 225, 226, 227, 228,
    229, 230, 231, 232, 233, 234, 235, 236, 237, 238, 239, 240, 241, 242, 243,
    244, 245, 246, 247, 248

 Data from log without imprecise labels

 IM without noise threshold:
token_fitness
{"perc_fit_traces": 100.0, "average_trace_fitness": 1.0, "log_fitness": 1.0, "percentage_of_fitting_traces": 100.0}
precision
0.9876044699032773
0.7241379310344828
generalization
0.9585218823660074

 Original Labels:
['H', 'I', 'C', 'D']

 Ground truth clustering clustering:
Clustering with 249 elements and 4 clusters
[0] 3, 5, 9, 26, 30, 60, 63, 65, 68, 73, 80, 86, 90, 101, 106, 145, 149, 151,
    162, 170, 179, 182, 184, 194, 198, 203, 207, 214, 223, 225, 235, 243
[1] 1, 12, 15, 17, 24, 35, 38, 44, 50, 76, 78, 84, 92, 103, 108, 113, 115,
    119, 122, 124, 128, 132, 135, 142, 156, 159, 167, 176, 192, 196, 200, 210,
    220, 231, 241, 248
[2] 2, 4, 8, 10, 11, 13, 14, 18, 19, 20, 25, 27, 29, 32, 33, 37, 39, 40, 41,
    42, 43, 45, 46, 47, 48, 52, 54, 55, 58, 61, 62, 66, 67, 69, 70, 71, 74,
    75, 81, 82, 83, 85, 87, 88, 89, 93, 94, 97, 98, 105, 111, 112, 114, 116,
    121, 123, 125, 127, 130, 134, 137, 140, 141, 144, 146, 150, 152, 153, 155,
    157, 158, 161, 165, 168, 169, 172, 175, 178, 180, 190, 193, 195, 201, 204,
    205, 208, 212, 215, 216, 219, 224, 228, 232, 234, 236, 242, 244, 246
[3] 0, 6, 7, 16, 21, 22, 23, 28, 31, 34, 36, 49, 51, 53, 56, 57, 59, 64, 72,
    77, 79, 91, 95, 96, 99, 100, 102, 104, 107, 109, 110, 117, 118, 120, 126,
    129, 131, 133, 136, 138, 139, 143, 147, 148, 154, 160, 163, 164, 166, 171,
    173, 174, 177, 181, 183, 185, 186, 187, 188, 189, 191, 197, 199, 202, 206,
    209, 211, 213, 217, 218, 221, 222, 226, 227, 229, 230, 233, 237, 238, 239,
    240, 245, 247

 Xixi Adjusted Rand Index:
-1.5874430910589206e-16

 Performance of golden standard model:
token_fitness
{"perc_fit_traces": 51.2, "average_trace_fitness": 0.8983166847006364, "log_fitness": 0.9197670295445483, "percentage_of_fitting_traces": 51.2}
precision
0.9961489940906978
0.7241379310344828
generalization
0.8730070284673394

 Xixi split labels:
['D_X_1']

 Xixi refined log results:

 IM without noise threshold:
token_fitness
{"perc_fit_traces": 100.0, "average_trace_fitness": 1.0, "log_fitness": 1.0, "percentage_of_fitting_traces": 100.0}
precision
0.8359044995408632
0.7454545454545455
generalization
0.9613582755835514

 Xixi clustering:
Clustering with 249 elements and 2 clusters

[1] 0, 1, 2, 3, 4, 5, 6, 7, 8, 9, 10, 11, 12, 13, 14, 15, 16, 17, 18, 19, 20,
    21, 22, 23, 24, 25, 26, 27, 28, 29, 30, 31, 32, 33, 34, 35, 36, 37, 38,
    39, 40, 41, 42, 43, 44, 45, 46, 47, 48, 49, 50, 51, 52, 53, 54, 55, 56,
    57, 58, 59, 60, 61, 62, 63, 64, 65, 66, 67, 68, 69, 70, 71, 72, 73, 74,
    75, 76, 77, 78, 79, 80, 81, 82, 83, 84, 85, 86, 87, 88, 89, 90, 91, 92,
    93, 94, 95, 96, 97, 98, 99, 100, 101, 102, 103, 104, 105, 106, 107, 108,
    109, 110, 111, 112, 113, 114, 115, 116, 117, 118, 119, 120, 121, 122, 123,
    124, 125, 126, 127, 128, 129, 130, 131, 132, 133, 134, 135, 136, 137, 138,
    139, 140, 141, 142, 143, 144, 145, 146, 147, 148, 149, 150, 151, 152, 153,
    154, 155, 156, 157, 158, 159, 160, 161, 162, 163, 164, 165, 166, 167, 168,
    169, 170, 171, 172, 173, 174, 175, 176, 177, 178, 179, 180, 181, 182, 183,
    184, 185, 186, 187, 188, 189, 190, 191, 192, 193, 194, 195, 196, 197, 198,
    199, 200, 201, 202, 203, 204, 205, 206, 207, 208, 209, 210, 211, 212, 213,
    214, 215, 216, 217, 218, 219, 220, 221, 222, 223, 224, 225, 226, 227, 228,
    229, 230, 231, 232, 233, 234, 235, 236, 237, 238, 239, 240, 241, 242, 243,
    244, 245, 246, 247, 248

 Data from log without imprecise labels

 IM without noise threshold:
token_fitness
{"perc_fit_traces": 100.0, "average_trace_fitness": 1.0, "log_fitness": 1.0, "percentage_of_fitting_traces": 100.0}
precision
0.9876044699032773
0.7241379310344828
generalization
0.9585218823660074

 Original Labels:
['C', 'H', 'I', 'D']

 Ground truth clustering clustering:
Clustering with 249 elements and 4 clusters
[0] 2, 4, 8, 10, 11, 13, 14, 18, 19, 20, 25, 27, 29, 32, 33, 37, 39, 40, 41,
    42, 43, 45, 46, 47, 48, 52, 54, 55, 58, 61, 62, 66, 67, 69, 70, 71, 74,
    75, 81, 82, 83, 85, 87, 88, 89, 93, 94, 97, 98, 105, 111, 112, 114, 116,
    121, 123, 125, 127, 130, 134, 137, 140, 141, 144, 146, 150, 152, 153, 155,
    157, 158, 161, 165, 168, 169, 172, 175, 178, 180, 190, 193, 195, 201, 204,
    205, 208, 212, 215, 216, 219, 224, 228, 232, 234, 236, 242, 244, 246
[1] 3, 5, 9, 26, 30, 60, 63, 65, 68, 73, 80, 86, 90, 101, 106, 145, 149, 151,
    162, 170, 179, 182, 184, 194, 198, 203, 207, 214, 223, 225, 235, 243
[2] 1, 12, 15, 17, 24, 35, 38, 44, 50, 76, 78, 84, 92, 103, 108, 113, 115,
    119, 122, 124, 128, 132, 135, 142, 156, 159, 167, 176, 192, 196, 200, 210,
    220, 231, 241, 248
[3] 0, 6, 7, 16, 21, 22, 23, 28, 31, 34, 36, 49, 51, 53, 56, 57, 59, 64, 72,
    77, 79, 91, 95, 96, 99, 100, 102, 104, 107, 109, 110, 117, 118, 120, 126,
    129, 131, 133, 136, 138, 139, 143, 147, 148, 154, 160, 163, 164, 166, 171,
    173, 174, 177, 181, 183, 185, 186, 187, 188, 189, 191, 197, 199, 202, 206,
    209, 211, 213, 217, 218, 221, 222, 226, 227, 229, 230, 233, 237, 238, 239,
    240, 245, 247

 Xixi Adjusted Rand Index:
-1.5874430910589206e-16

 Performance of golden standard model:
token_fitness
{"perc_fit_traces": 51.2, "average_trace_fitness": 0.8983166847006364, "log_fitness": 0.9197670295445483, "percentage_of_fitting_traces": 51.2}
precision
0.9961489940906978
0.7241379310344828
generalization
0.8730070284673394

 Xixi split labels:
['D_X_1']

 Xixi refined log results:

 IM without noise threshold:
token_fitness
{"perc_fit_traces": 100.0, "average_trace_fitness": 1.0, "log_fitness": 1.0, "percentage_of_fitting_traces": 100.0}
precision
0.8359044995408632
0.7454545454545455
generalization
0.9613582755835514

 Xixi clustering:
Clustering with 249 elements and 2 clusters

[1] 0, 1, 2, 3, 4, 5, 6, 7, 8, 9, 10, 11, 12, 13, 14, 15, 16, 17, 18, 19, 20,
    21, 22, 23, 24, 25, 26, 27, 28, 29, 30, 31, 32, 33, 34, 35, 36, 37, 38,
    39, 40, 41, 42, 43, 44, 45, 46, 47, 48, 49, 50, 51, 52, 53, 54, 55, 56,
    57, 58, 59, 60, 61, 62, 63, 64, 65, 66, 67, 68, 69, 70, 71, 72, 73, 74,
    75, 76, 77, 78, 79, 80, 81, 82, 83, 84, 85, 86, 87, 88, 89, 90, 91, 92,
    93, 94, 95, 96, 97, 98, 99, 100, 101, 102, 103, 104, 105, 106, 107, 108,
    109, 110, 111, 112, 113, 114, 115, 116, 117, 118, 119, 120, 121, 122, 123,
    124, 125, 126, 127, 128, 129, 130, 131, 132, 133, 134, 135, 136, 137, 138,
    139, 140, 141, 142, 143, 144, 145, 146, 147, 148, 149, 150, 151, 152, 153,
    154, 155, 156, 157, 158, 159, 160, 161, 162, 163, 164, 165, 166, 167, 168,
    169, 170, 171, 172, 173, 174, 175, 176, 177, 178, 179, 180, 181, 182, 183,
    184, 185, 186, 187, 188, 189, 190, 191, 192, 193, 194, 195, 196, 197, 198,
    199, 200, 201, 202, 203, 204, 205, 206, 207, 208, 209, 210, 211, 212, 213,
    214, 215, 216, 217, 218, 219, 220, 221, 222, 223, 224, 225, 226, 227, 228,
    229, 230, 231, 232, 233, 234, 235, 236, 237, 238, 239, 240, 241, 242, 243,
    244, 245, 246, 247, 248

 Data from log without imprecise labels

 IM without noise threshold:
token_fitness
{"perc_fit_traces": 100.0, "average_trace_fitness": 1.0, "log_fitness": 1.0, "percentage_of_fitting_traces": 100.0}
precision
0.9876044699032773
0.7241379310344828
generalization
0.9585218823660074

 Original Labels:
['H', 'I', 'C', 'D']

 Ground truth clustering clustering:
Clustering with 249 elements and 4 clusters
[0] 3, 5, 9, 26, 30, 60, 63, 65, 68, 73, 80, 86, 90, 101, 106, 145, 149, 151,
    162, 170, 179, 182, 184, 194, 198, 203, 207, 214, 223, 225, 235, 243
[1] 1, 12, 15, 17, 24, 35, 38, 44, 50, 76, 78, 84, 92, 103, 108, 113, 115,
    119, 122, 124, 128, 132, 135, 142, 156, 159, 167, 176, 192, 196, 200, 210,
    220, 231, 241, 248
[2] 2, 4, 8, 10, 11, 13, 14, 18, 19, 20, 25, 27, 29, 32, 33, 37, 39, 40, 41,
    42, 43, 45, 46, 47, 48, 52, 54, 55, 58, 61, 62, 66, 67, 69, 70, 71, 74,
    75, 81, 82, 83, 85, 87, 88, 89, 93, 94, 97, 98, 105, 111, 112, 114, 116,
    121, 123, 125, 127, 130, 134, 137, 140, 141, 144, 146, 150, 152, 153, 155,
    157, 158, 161, 165, 168, 169, 172, 175, 178, 180, 190, 193, 195, 201, 204,
    205, 208, 212, 215, 216, 219, 224, 228, 232, 234, 236, 242, 244, 246
[3] 0, 6, 7, 16, 21, 22, 23, 28, 31, 34, 36, 49, 51, 53, 56, 57, 59, 64, 72,
    77, 79, 91, 95, 96, 99, 100, 102, 104, 107, 109, 110, 117, 118, 120, 126,
    129, 131, 133, 136, 138, 139, 143, 147, 148, 154, 160, 163, 164, 166, 171,
    173, 174, 177, 181, 183, 185, 186, 187, 188, 189, 191, 197, 199, 202, 206,
    209, 211, 213, 217, 218, 221, 222, 226, 227, 229, 230, 233, 237, 238, 239,
    240, 245, 247

 Xixi Adjusted Rand Index:
-1.5874430910589206e-16

 Performance of golden standard model:
token_fitness
{"perc_fit_traces": 65.9, "average_trace_fitness": 0.9362448900168154, "log_fitness": 0.9439772115440327, "percentage_of_fitting_traces": 65.9}
precision
0.9951636061361747
0.7241379310344828
generalization
0.8728766753836766

 Xixi split labels:
['D_X_1']

 Xixi refined log results:

 IM without noise threshold:
token_fitness
{"perc_fit_traces": 100.0, "average_trace_fitness": 1.0, "log_fitness": 1.0, "percentage_of_fitting_traces": 100.0}
precision
0.8359044995408632
0.7454545454545455
generalization
0.9613582755835514

 Xixi clustering:
Clustering with 249 elements and 2 clusters

[1] 0, 1, 2, 3, 4, 5, 6, 7, 8, 9, 10, 11, 12, 13, 14, 15, 16, 17, 18, 19, 20,
    21, 22, 23, 24, 25, 26, 27, 28, 29, 30, 31, 32, 33, 34, 35, 36, 37, 38,
    39, 40, 41, 42, 43, 44, 45, 46, 47, 48, 49, 50, 51, 52, 53, 54, 55, 56,
    57, 58, 59, 60, 61, 62, 63, 64, 65, 66, 67, 68, 69, 70, 71, 72, 73, 74,
    75, 76, 77, 78, 79, 80, 81, 82, 83, 84, 85, 86, 87, 88, 89, 90, 91, 92,
    93, 94, 95, 96, 97, 98, 99, 100, 101, 102, 103, 104, 105, 106, 107, 108,
    109, 110, 111, 112, 113, 114, 115, 116, 117, 118, 119, 120, 121, 122, 123,
    124, 125, 126, 127, 128, 129, 130, 131, 132, 133, 134, 135, 136, 137, 138,
    139, 140, 141, 142, 143, 144, 145, 146, 147, 148, 149, 150, 151, 152, 153,
    154, 155, 156, 157, 158, 159, 160, 161, 162, 163, 164, 165, 166, 167, 168,
    169, 170, 171, 172, 173, 174, 175, 176, 177, 178, 179, 180, 181, 182, 183,
    184, 185, 186, 187, 188, 189, 190, 191, 192, 193, 194, 195, 196, 197, 198,
    199, 200, 201, 202, 203, 204, 205, 206, 207, 208, 209, 210, 211, 212, 213,
    214, 215, 216, 217, 218, 219, 220, 221, 222, 223, 224, 225, 226, 227, 228,
    229, 230, 231, 232, 233, 234, 235, 236, 237, 238, 239, 240, 241, 242, 243,
    244, 245, 246, 247, 248

 Data from log without imprecise labels

 IM without noise threshold:
token_fitness
{"perc_fit_traces": 100.0, "average_trace_fitness": 1.0, "log_fitness": 1.0, "percentage_of_fitting_traces": 100.0}
precision
0.9876044699032773
0.7241379310344828
generalization
0.9585218823660074

 Original Labels:
['C', 'I', 'H', 'D']

 Ground truth clustering clustering:
Clustering with 249 elements and 4 clusters
[0] 2, 4, 8, 10, 11, 13, 14, 18, 19, 20, 25, 27, 29, 32, 33, 37, 39, 40, 41,
    42, 43, 45, 46, 47, 48, 52, 54, 55, 58, 61, 62, 66, 67, 69, 70, 71, 74,
    75, 81, 82, 83, 85, 87, 88, 89, 93, 94, 97, 98, 105, 111, 112, 114, 116,
    121, 123, 125, 127, 130, 134, 137, 140, 141, 144, 146, 150, 152, 153, 155,
    157, 158, 161, 165, 168, 169, 172, 175, 178, 180, 190, 193, 195, 201, 204,
    205, 208, 212, 215, 216, 219, 224, 228, 232, 234, 236, 242, 244, 246
[1] 1, 12, 15, 17, 24, 35, 38, 44, 50, 76, 78, 84, 92, 103, 108, 113, 115,
    119, 122, 124, 128, 132, 135, 142, 156, 159, 167, 176, 192, 196, 200, 210,
    220, 231, 241, 248
[2] 3, 5, 9, 26, 30, 60, 63, 65, 68, 73, 80, 86, 90, 101, 106, 145, 149, 151,
    162, 170, 179, 182, 184, 194, 198, 203, 207, 214, 223, 225, 235, 243
[3] 0, 6, 7, 16, 21, 22, 23, 28, 31, 34, 36, 49, 51, 53, 56, 57, 59, 64, 72,
    77, 79, 91, 95, 96, 99, 100, 102, 104, 107, 109, 110, 117, 118, 120, 126,
    129, 131, 133, 136, 138, 139, 143, 147, 148, 154, 160, 163, 164, 166, 171,
    173, 174, 177, 181, 183, 185, 186, 187, 188, 189, 191, 197, 199, 202, 206,
    209, 211, 213, 217, 218, 221, 222, 226, 227, 229, 230, 233, 237, 238, 239,
    240, 245, 247

 Xixi Adjusted Rand Index:
-1.5874430910589206e-16

 Performance of golden standard model:
token_fitness
{"perc_fit_traces": 65.9, "average_trace_fitness": 0.9362448900168154, "log_fitness": 0.9439772115440327, "percentage_of_fitting_traces": 65.9}
precision
0.9951636061361747
0.7241379310344828
generalization
0.8728766753836766

 Xixi split labels:
['D_X_1']

 Xixi refined log results:

 IM without noise threshold:
token_fitness
{"perc_fit_traces": 100.0, "average_trace_fitness": 1.0, "log_fitness": 1.0, "percentage_of_fitting_traces": 100.0}
precision
0.8359044995408632
0.7454545454545455
generalization
0.9613582755835514

 Xixi clustering:
Clustering with 249 elements and 2 clusters

[1] 0, 1, 2, 3, 4, 5, 6, 7, 8, 9, 10, 11, 12, 13, 14, 15, 16, 17, 18, 19, 20,
    21, 22, 23, 24, 25, 26, 27, 28, 29, 30, 31, 32, 33, 34, 35, 36, 37, 38,
    39, 40, 41, 42, 43, 44, 45, 46, 47, 48, 49, 50, 51, 52, 53, 54, 55, 56,
    57, 58, 59, 60, 61, 62, 63, 64, 65, 66, 67, 68, 69, 70, 71, 72, 73, 74,
    75, 76, 77, 78, 79, 80, 81, 82, 83, 84, 85, 86, 87, 88, 89, 90, 91, 92,
    93, 94, 95, 96, 97, 98, 99, 100, 101, 102, 103, 104, 105, 106, 107, 108,
    109, 110, 111, 112, 113, 114, 115, 116, 117, 118, 119, 120, 121, 122, 123,
    124, 125, 126, 127, 128, 129, 130, 131, 132, 133, 134, 135, 136, 137, 138,
    139, 140, 141, 142, 143, 144, 145, 146, 147, 148, 149, 150, 151, 152, 153,
    154, 155, 156, 157, 158, 159, 160, 161, 162, 163, 164, 165, 166, 167, 168,
    169, 170, 171, 172, 173, 174, 175, 176, 177, 178, 179, 180, 181, 182, 183,
    184, 185, 186, 187, 188, 189, 190, 191, 192, 193, 194, 195, 196, 197, 198,
    199, 200, 201, 202, 203, 204, 205, 206, 207, 208, 209, 210, 211, 212, 213,
    214, 215, 216, 217, 218, 219, 220, 221, 222, 223, 224, 225, 226, 227, 228,
    229, 230, 231, 232, 233, 234, 235, 236, 237, 238, 239, 240, 241, 242, 243,
    244, 245, 246, 247, 248

 Data from log without imprecise labels

 IM without noise threshold:
token_fitness
{"perc_fit_traces": 100.0, "average_trace_fitness": 1.0, "log_fitness": 1.0, "percentage_of_fitting_traces": 100.0}
precision
0.9876044699032773
0.7241379310344828
generalization
0.9585218823660074

 Original Labels:
['D', 'H', 'C', 'I']

 Ground truth clustering clustering:
Clustering with 249 elements and 4 clusters
[0] 0, 6, 7, 16, 21, 22, 23, 28, 31, 34, 36, 49, 51, 53, 56, 57, 59, 64, 72,
    77, 79, 91, 95, 96, 99, 100, 102, 104, 107, 109, 110, 117, 118, 120, 126,
    129, 131, 133, 136, 138, 139, 143, 147, 148, 154, 160, 163, 164, 166, 171,
    173, 174, 177, 181, 183, 185, 186, 187, 188, 189, 191, 197, 199, 202, 206,
    209, 211, 213, 217, 218, 221, 222, 226, 227, 229, 230, 233, 237, 238, 239,
    240, 245, 247
[1] 3, 5, 9, 26, 30, 60, 63, 65, 68, 73, 80, 86, 90, 101, 106, 145, 149, 151,
    162, 170, 179, 182, 184, 194, 198, 203, 207, 214, 223, 225, 235, 243
[2] 2, 4, 8, 10, 11, 13, 14, 18, 19, 20, 25, 27, 29, 32, 33, 37, 39, 40, 41,
    42, 43, 45, 46, 47, 48, 52, 54, 55, 58, 61, 62, 66, 67, 69, 70, 71, 74,
    75, 81, 82, 83, 85, 87, 88, 89, 93, 94, 97, 98, 105, 111, 112, 114, 116,
    121, 123, 125, 127, 130, 134, 137, 140, 141, 144, 146, 150, 152, 153, 155,
    157, 158, 161, 165, 168, 169, 172, 175, 178, 180, 190, 193, 195, 201, 204,
    205, 208, 212, 215, 216, 219, 224, 228, 232, 234, 236, 242, 244, 246
[3] 1, 12, 15, 17, 24, 35, 38, 44, 50, 76, 78, 84, 92, 103, 108, 113, 115,
    119, 122, 124, 128, 132, 135, 142, 156, 159, 167, 176, 192, 196, 200, 210,
    220, 231, 241, 248

 Xixi Adjusted Rand Index:
-1.5874430910589206e-16

 Performance of golden standard model:
token_fitness
{"perc_fit_traces": 65.9, "average_trace_fitness": 0.9362448900168154, "log_fitness": 0.9439772115440327, "percentage_of_fitting_traces": 65.9}
precision
0.9951636061361747
0.7241379310344828
generalization
0.8728766753836766

 Xixi split labels:
['D_X_1']

 Xixi refined log results:

 IM without noise threshold:
token_fitness
{"perc_fit_traces": 100.0, "average_trace_fitness": 1.0, "log_fitness": 1.0, "percentage_of_fitting_traces": 100.0}
precision
0.8359044995408632
0.7454545454545455
generalization
0.9613582755835514

 Xixi clustering:
Clustering with 249 elements and 2 clusters

[1] 0, 1, 2, 3, 4, 5, 6, 7, 8, 9, 10, 11, 12, 13, 14, 15, 16, 17, 18, 19, 20,
    21, 22, 23, 24, 25, 26, 27, 28, 29, 30, 31, 32, 33, 34, 35, 36, 37, 38,
    39, 40, 41, 42, 43, 44, 45, 46, 47, 48, 49, 50, 51, 52, 53, 54, 55, 56,
    57, 58, 59, 60, 61, 62, 63, 64, 65, 66, 67, 68, 69, 70, 71, 72, 73, 74,
    75, 76, 77, 78, 79, 80, 81, 82, 83, 84, 85, 86, 87, 88, 89, 90, 91, 92,
    93, 94, 95, 96, 97, 98, 99, 100, 101, 102, 103, 104, 105, 106, 107, 108,
    109, 110, 111, 112, 113, 114, 115, 116, 117, 118, 119, 120, 121, 122, 123,
    124, 125, 126, 127, 128, 129, 130, 131, 132, 133, 134, 135, 136, 137, 138,
    139, 140, 141, 142, 143, 144, 145, 146, 147, 148, 149, 150, 151, 152, 153,
    154, 155, 156, 157, 158, 159, 160, 161, 162, 163, 164, 165, 166, 167, 168,
    169, 170, 171, 172, 173, 174, 175, 176, 177, 178, 179, 180, 181, 182, 183,
    184, 185, 186, 187, 188, 189, 190, 191, 192, 193, 194, 195, 196, 197, 198,
    199, 200, 201, 202, 203, 204, 205, 206, 207, 208, 209, 210, 211, 212, 213,
    214, 215, 216, 217, 218, 219, 220, 221, 222, 223, 224, 225, 226, 227, 228,
    229, 230, 231, 232, 233, 234, 235, 236, 237, 238, 239, 240, 241, 242, 243,
    244, 245, 246, 247, 248

 Data from log without imprecise labels

 IM without noise threshold:
token_fitness
{"perc_fit_traces": 100.0, "average_trace_fitness": 1.0, "log_fitness": 1.0, "percentage_of_fitting_traces": 100.0}
precision
0.9876044699032773
0.7241379310344828
generalization
0.9585218823660074

 Original Labels:
['C', 'H', 'D', 'I']

 Ground truth clustering clustering:
Clustering with 249 elements and 4 clusters
[0] 2, 4, 8, 10, 11, 13, 14, 18, 19, 20, 25, 27, 29, 32, 33, 37, 39, 40, 41,
    42, 43, 45, 46, 47, 48, 52, 54, 55, 58, 61, 62, 66, 67, 69, 70, 71, 74,
    75, 81, 82, 83, 85, 87, 88, 89, 93, 94, 97, 98, 105, 111, 112, 114, 116,
    121, 123, 125, 127, 130, 134, 137, 140, 141, 144, 146, 150, 152, 153, 155,
    157, 158, 161, 165, 168, 169, 172, 175, 178, 180, 190, 193, 195, 201, 204,
    205, 208, 212, 215, 216, 219, 224, 228, 232, 234, 236, 242, 244, 246
[1] 3, 5, 9, 26, 30, 60, 63, 65, 68, 73, 80, 86, 90, 101, 106, 145, 149, 151,
    162, 170, 179, 182, 184, 194, 198, 203, 207, 214, 223, 225, 235, 243
[2] 0, 6, 7, 16, 21, 22, 23, 28, 31, 34, 36, 49, 51, 53, 56, 57, 59, 64, 72,
    77, 79, 91, 95, 96, 99, 100, 102, 104, 107, 109, 110, 117, 118, 120, 126,
    129, 131, 133, 136, 138, 139, 143, 147, 148, 154, 160, 163, 164, 166, 171,
    173, 174, 177, 181, 183, 185, 186, 187, 188, 189, 191, 197, 199, 202, 206,
    209, 211, 213, 217, 218, 221, 222, 226, 227, 229, 230, 233, 237, 238, 239,
    240, 245, 247
[3] 1, 12, 15, 17, 24, 35, 38, 44, 50, 76, 78, 84, 92, 103, 108, 113, 115,
    119, 122, 124, 128, 132, 135, 142, 156, 159, 167, 176, 192, 196, 200, 210,
    220, 231, 241, 248

 Xixi Adjusted Rand Index:
-1.5874430910589206e-16
