
 Performance of golden standard model:
token_fitness
{"perc_fit_traces": 0.0, "average_trace_fitness": 0.7638601401049927, "log_fitness": 0.7803705365032332, "percentage_of_fitting_traces": 0.0}
precision
1.0
0.6842105263157894
generalization
0.8063300231711631

 Xixi split labels:
['D_X_1', 'D_X_3', 'D_X_2', 'D_X_0']

 Xixi refined log results:

 IM without noise threshold:
token_fitness
{"perc_fit_traces": 67.5, "average_trace_fitness": 0.9329181452126312, "log_fitness": 0.9301451247261789, "percentage_of_fitting_traces": 67.5}
precision
0.7159457032694237
0.6438356164383561
generalization
0.7291435966004451

 Xixi clustering:
Clustering with 170 elements and 3 clusters
[0] 8, 9, 18, 19, 33, 34, 65, 66, 73, 74, 91, 92, 100, 101, 105, 106, 116,
    117, 121, 122, 146, 147, 151, 152
[1] 0, 3, 5, 12, 15, 22, 25, 27, 29, 31, 36, 38, 40, 43, 45, 47, 49, 51, 53,
    55, 57, 59, 61, 63, 68, 70, 76, 78, 80, 82, 84, 87, 89, 94, 96, 98, 103,
    108, 110, 112, 114, 119, 124, 126, 128, 130, 132, 134, 136, 138, 140, 142,
    144, 149, 154, 156, 158, 160, 162, 164, 166, 168
[2] 1, 2, 4, 6, 7, 10, 11, 13, 14, 16, 17, 20, 21, 23, 24, 26, 28, 30, 32, 35,
    37, 39, 41, 42, 44, 46, 48, 50, 52, 54, 56, 58, 60, 62, 64, 67, 69, 71,
    72, 75, 77, 79, 81, 83, 85, 86, 88, 90, 93, 95, 97, 99, 102, 104, 107,
    109, 111, 113, 115, 118, 120, 123, 125, 127, 129, 131, 133, 135, 137, 139,
    141, 143, 145, 148, 150, 153, 155, 157, 159, 161, 163, 165, 167, 169

 Data from log without imprecise labels

 IM without noise threshold:
token_fitness
{"perc_fit_traces": 100.0, "average_trace_fitness": 1.0, "log_fitness": 1.0, "percentage_of_fitting_traces": 100.0}
precision
0.9988568162332095
0.6842105263157894
generalization
0.9482822386729366

 Original Labels:
['J', 'O', 'D', 'N']

 Ground truth clustering clustering:
Clustering with 170 elements and 4 clusters
[0] 0, 3, 9, 15, 19, 22, 25, 27, 29, 31, 34, 36, 38, 40, 43, 45, 47, 49, 51,
    53, 55, 57, 59, 61, 63, 66, 68, 70, 74, 76, 78, 80, 82, 84, 87, 89, 92,
    94, 96, 98, 101, 103, 106, 108, 110, 112, 114, 117, 119, 122, 124, 126,
    128, 130, 132, 134, 136, 138, 140, 142, 144, 147, 149, 152, 154, 156, 158,
    160, 162, 164, 166, 168
[1] 1, 2, 4, 6, 7, 10, 13, 16, 20, 23, 24, 26, 28, 35, 42, 50, 54, 56, 58, 62,
    64, 67, 69, 71, 81, 83, 85, 86, 93, 95, 97, 99, 102, 104, 107, 111, 115,
    118, 120, 127, 131, 133, 137, 139, 143, 148, 150, 153, 159
[2] 5, 8, 12, 18, 33, 65, 73, 91, 100, 105, 116, 121, 146, 151
[3] 11, 14, 17, 21, 30, 32, 37, 39, 41, 44, 46, 48, 52, 60, 72, 75, 77, 79,
    88, 90, 109, 113, 123, 125, 129, 135, 141, 145, 155, 157, 161, 163, 165,
    167, 169

 Xixi Adjusted Rand Index:
0.5870366120222092
