
 Performance of golden standard model:
token_fitness
{"perc_fit_traces": 63.4, "average_trace_fitness": 0.939278484424072, "log_fitness": 0.9449160986861475, "percentage_of_fitting_traces": 63.4}
precision
0.9658678657196873
0.6923076923076922
generalization
0.9066005648695272

 Xixi split labels:
['B_X_1', 'B_X_2']

 Xixi refined log results:

 IM without noise threshold:
token_fitness
{"perc_fit_traces": 100.0, "average_trace_fitness": 1.0, "log_fitness": 1.0, "percentage_of_fitting_traces": 100.0}
precision
0.9013058541352048
0.7049180327868854
generalization
0.9540992123795997

 Xixi clustering:
Clustering with 577 elements and 3 clusters

[1] 0, 3, 5, 8, 11, 13, 15, 16, 19, 22, 24, 26, 28, 30, 31, 34, 36, 38, 39,
    41, 43, 45, 47, 50, 52, 54, 57, 58, 61, 62, 64, 65, 67, 69, 71, 73, 75,
    78, 81, 83, 86, 88, 90, 92, 93, 94, 97, 99, 101, 104, 106, 108, 110, 111,
    113, 116, 118, 121, 123, 125, 127, 129, 132, 135, 137, 138, 139, 140, 142,
    143, 145, 148, 149, 151, 154, 156, 159, 161, 163, 165, 167, 169, 171, 173,
    176, 178, 180, 182, 183, 184, 186, 188, 190, 192, 194, 196, 197, 198, 200,
    203, 205, 207, 209, 211, 212, 213, 215, 217, 219, 221, 223, 225, 226, 227,
    229, 232, 233, 235, 238, 240, 242, 243, 245, 247, 248, 250, 251, 253, 255,
    257, 258, 260, 263, 265, 267, 269, 272, 274, 275, 276, 279, 281, 283, 284,
    285, 288, 290, 292, 293, 294, 296, 297, 299, 301, 302, 305, 307, 310, 311,
    313, 315, 318, 320, 321, 322, 325, 326, 329, 331, 332, 335, 336, 339, 341,
    342, 344, 347, 350, 353, 355, 356, 358, 359, 361, 362, 365, 367, 370, 371,
    373, 376, 379, 382, 383, 384, 385, 386, 388, 391, 392, 394, 396, 398, 399,
    401, 404, 407, 409, 411, 413, 416, 418, 419, 420, 421, 423, 425, 427, 428,
    430, 432, 434, 436, 438, 440, 442, 444, 445, 447, 449, 450, 452, 454, 456,
    459, 461, 463, 466, 468, 471, 473, 475, 476, 478, 480, 481, 483, 485, 486,
    488, 490, 491, 494, 495, 498, 501, 504, 505, 507, 509, 510, 512, 514, 516,
    518, 519, 520, 521, 523, 524, 525, 527, 528, 530, 531, 532, 535, 537, 539,
    540, 542, 544, 546, 548, 551, 553, 555, 557, 558, 560, 561, 562, 564, 566,
    567, 569, 571, 574, 576
[2] 1, 2, 4, 6, 7, 9, 10, 12, 14, 17, 18, 20, 21, 23, 25, 27, 29, 32, 33, 35,
    37, 40, 42, 44, 46, 48, 49, 51, 53, 55, 56, 59, 60, 63, 66, 68, 70, 72,
    74, 76, 77, 79, 80, 82, 84, 85, 87, 89, 91, 95, 96, 98, 100, 102, 103,
    105, 107, 109, 112, 114, 115, 117, 119, 120, 122, 124, 126, 128, 130, 131,
    133, 134, 136, 141, 144, 146, 147, 150, 152, 153, 155, 157, 158, 160, 162,
    164, 166, 168, 170, 172, 174, 175, 177, 179, 181, 185, 187, 189, 191, 193,
    195, 199, 201, 202, 204, 206, 208, 210, 214, 216, 218, 220, 222, 224, 228,
    230, 231, 234, 236, 237, 239, 241, 244, 246, 249, 252, 254, 256, 259, 261,
    262, 264, 266, 268, 270, 271, 273, 277, 278, 280, 282, 286, 287, 289, 291,
    295, 298, 300, 303, 304, 306, 308, 309, 312, 314, 316, 317, 319, 323, 324,
    327, 328, 330, 333, 334, 337, 338, 340, 343, 345, 346, 348, 349, 351, 352,
    354, 357, 360, 363, 364, 366, 368, 369, 372, 374, 375, 377, 378, 380, 381,
    387, 389, 390, 393, 395, 397, 400, 402, 403, 405, 406, 408, 410, 412, 414,
    415, 417, 422, 424, 426, 429, 431, 433, 435, 437, 439, 441, 443, 446, 448,
    451, 453, 455, 457, 458, 460, 462, 464, 465, 467, 469, 470, 472, 474, 477,
    479, 482, 484, 487, 489, 492, 493, 496, 497, 499, 500, 502, 503, 506, 508,
    511, 513, 515, 517, 522, 526, 529, 533, 534, 536, 538, 541, 543, 545, 547,
    549, 550, 552, 554, 556, 559, 563, 565, 568, 570, 572, 573, 575

 Data from log without imprecise labels

 IM without noise threshold:
token_fitness
{"perc_fit_traces": 100.0, "average_trace_fitness": 1.0, "log_fitness": 1.0, "percentage_of_fitting_traces": 100.0}
precision
0.9560702875399361
0.6923076923076922
generalization
0.9533817258482364

 Original Labels:
['I', 'B', 'K', 'N']

 Ground truth clustering clustering:
Clustering with 577 elements and 4 clusters
[0] 1, 9, 14, 23, 29, 42, 51, 53, 70, 72, 74, 76, 82, 84, 95, 100, 102, 109,
    114, 117, 122, 130, 133, 150, 157, 162, 172, 177, 179, 189, 201, 214, 220,
    234, 241, 249, 261, 266, 280, 295, 308, 323, 327, 333, 337, 345, 354, 366,
    374, 377, 380, 387, 389, 393, 395, 397, 400, 402, 408, 410, 412, 414, 417,
    422, 424, 426, 431, 437, 446, 448, 464, 469, 487, 489, 492, 506, 508, 513,
    522, 529, 533, 536, 541, 543, 545, 554, 556
[1] 0, 3, 5, 8, 11, 13, 15, 16, 19, 22, 24, 26, 28, 30, 31, 34, 36, 38, 39,
    41, 43, 45, 47, 50, 52, 54, 57, 58, 61, 62, 64, 65, 67, 69, 71, 73, 75,
    78, 81, 83, 86, 88, 90, 92, 93, 94, 97, 99, 101, 104, 106, 108, 110, 111,
    113, 116, 118, 121, 123, 125, 127, 129, 132, 135, 137, 138, 139, 140, 142,
    143, 145, 148, 149, 151, 154, 156, 159, 161, 163, 165, 167, 169, 171, 173,
    176, 178, 180, 182, 183, 184, 186, 188, 190, 192, 194, 196, 197, 198, 200,
    203, 205, 207, 209, 211, 212, 213, 215, 217, 219, 221, 223, 225, 226, 227,
    229, 232, 233, 235, 238, 240, 242, 243, 245, 247, 248, 250, 251, 253, 255,
    257, 258, 260, 263, 265, 267, 269, 272, 274, 275, 276, 279, 281, 283, 284,
    285, 288, 290, 292, 293, 294, 296, 297, 299, 301, 302, 305, 307, 310, 311,
    313, 315, 318, 320, 321, 322, 325, 326, 329, 331, 332, 335, 336, 339, 341,
    342, 344, 347, 350, 353, 355, 356, 358, 359, 361, 362, 365, 367, 370, 371,
    373, 376, 379, 382, 383, 384, 385, 386, 388, 391, 392, 394, 396, 398, 399,
    401, 404, 407, 409, 411, 413, 416, 418, 419, 420, 421, 423, 425, 427, 428,
    430, 432, 434, 436, 438, 440, 442, 444, 445, 447, 449, 450, 452, 454, 456,
    459, 461, 463, 466, 468, 471, 473, 475, 476, 478, 480, 481, 483, 485, 486,
    488, 490, 491, 494, 495, 498, 501, 504, 505, 507, 509, 510, 512, 514, 516,
    518, 519, 520, 521, 523, 524, 525, 527, 528, 530, 531, 532, 535, 537, 539,
    540, 542, 544, 546, 548, 551, 553, 555, 557, 558, 560, 561, 562, 564, 566,
    567, 569, 571, 574, 576
[2] 4, 6, 12, 17, 20, 25, 27, 32, 37, 44, 48, 55, 59, 63, 66, 68, 79, 87, 89,
    91, 98, 105, 112, 119, 124, 136, 141, 144, 146, 152, 155, 164, 168, 174,
    185, 191, 193, 199, 206, 218, 222, 230, 236, 239, 246, 252, 254, 256, 259,
    264, 270, 277, 286, 291, 298, 300, 303, 306, 316, 343, 348, 351, 360, 363,
    368, 372, 405, 433, 439, 441, 443, 457, 462, 472, 474, 479, 482, 484, 496,
    499, 502, 547, 549, 552, 568, 570, 572, 575
[3] 2, 7, 10, 18, 21, 33, 35, 40, 46, 49, 56, 60, 77, 80, 85, 96, 103, 107,
    115, 120, 126, 128, 131, 134, 147, 153, 158, 160, 166, 170, 175, 181, 187,
    195, 202, 204, 208, 210, 216, 224, 228, 231, 237, 244, 262, 268, 271, 273,
    278, 282, 287, 289, 304, 309, 312, 314, 317, 319, 324, 328, 330, 334, 338,
    340, 346, 349, 352, 357, 364, 369, 375, 378, 381, 390, 403, 406, 415, 429,
    435, 451, 453, 455, 458, 460, 465, 467, 470, 477, 493, 497, 500, 503, 511,
    515, 517, 526, 534, 538, 550, 559, 563, 565, 573

 Xixi Adjusted Rand Index:
0.6908789140659563
