2025-01-05 01:36:45,144 - INFO - NEW_VECTOR - Incident: {'vector': array([0, 0, 0]), 'features': ['MineName', 'MineType', 'MineTypeGroup']}
2025-01-05 01:36:45,144 - INFO - NEW_ACTIVITY_LABEL - Incident: Initialized a new cluster group
2025-01-05 01:36:45,144 - INFO - INCOMING_VECTOR - Incident: {'vector': array([0, 0, 0])}
2025-01-05 01:36:45,144 - INFO - DBSTREAM_UPDATE - DBStream: {'vector': array([0, 0, 0])}
2025-01-05 01:36:45,144 - INFO - NEW_CLUSTER - DBStream: {'centroid': array([0, 0, 0])}
2025-01-05 01:36:45,144 - INFO - CLUSTER_UPDATE - Incident: {'new_vector': array([0, 0, 0]), 'cluster_id': None, 'micro_clusters': [{'centroid': [0, 0, 0], 'frequency': Counter({(0, 0, 0): 1}), 'last_updated': 1}]}
2025-01-05 01:36:45,144 - INFO - NO_CHANGE - Incident: Insufficient clusters for analysis.
2025-01-05 01:36:45,144 - INFO - SPLIT_MERGE_RESULT - Incident: {'result': ('no_change', 'Incident')}
2025-01-05 01:36:45,144 - INFO - SPLIT_MERGE_ANALYSIS - Incident: {'result': ('no_change', 'Incident')}
2025-01-05 01:36:46,248 - INFO - NEW_VECTOR - Incident: {'vector': array([0, 1, 1]), 'features': ['MineName', 'MineType', 'MineTypeGroup']}
2025-01-05 01:36:46,248 - INFO - INCOMING_VECTOR - Incident: {'vector': array([0, 1, 1])}
2025-01-05 01:36:46,248 - INFO - DBSTREAM_UPDATE - DBStream: {'vector': array([0, 1, 1])}
2025-01-05 01:36:46,249 - INFO - NEW_CLUSTER - DBStream: {'centroid': array([0, 1, 1])}
2025-01-05 01:36:46,249 - INFO - CLUSTER_UPDATE - Incident: {'new_vector': array([0, 1, 1]), 'cluster_id': None, 'micro_clusters': [{'centroid': [0, 0, 0], 'frequency': Counter({(0, 0, 0): 1}), 'last_updated': 1}, {'centroid': [0, 1, 1], 'frequency': Counter({(0, 1, 1): 1}), 'last_updated': 2}]}
2025-01-05 01:36:46,249 - INFO - CURRENT_CLUSTERS - Incident: {'total_clusters': 2, 'details': [{'centroid': [0, 0, 0], 'frequency': Counter({(0, 0, 0): 1}), 'last_updated': 1}, {'centroid': [0, 1, 1], 'frequency': Counter({(0, 1, 1): 1}), 'last_updated': 2}]}
2025-01-05 01:36:46,261 - INFO - MERGE - Cluster Analysis: {'clusters_involved': [0, 1], 'details': {'aggregated_vector': [0.0, 0.5, 0.5]}}
2025-01-05 01:36:46,261 - INFO - SPLIT_MERGE_RESULT - Incident: {'result': ('merge', [0, 1])}
2025-01-05 01:36:46,261 - INFO - SPLIT_MERGE_ANALYSIS - Incident: {'result': ('merge', [0, 1])}
2025-01-05 01:36:47,365 - INFO - NEW_VECTOR - Incident: {'vector': array([2, 0, 0]), 'features': ['MineName', 'MineType', 'MineTypeGroup']}
2025-01-05 01:36:47,365 - INFO - INCOMING_VECTOR - Incident: {'vector': array([2, 0, 0])}
2025-01-05 01:36:47,365 - INFO - DBSTREAM_UPDATE - DBStream: {'vector': array([2, 0, 0])}
2025-01-05 01:36:47,365 - INFO - NEW_CLUSTER - DBStream: {'centroid': array([2, 0, 0])}
2025-01-05 01:36:47,365 - INFO - CLUSTER_UPDATE - Incident: {'new_vector': array([2, 0, 0]), 'cluster_id': None, 'micro_clusters': [{'centroid': [0, 0, 0], 'frequency': Counter({(0, 0, 0): 1}), 'last_updated': 1}, {'centroid': [0, 1, 1], 'frequency': Counter({(0, 1, 1): 1}), 'last_updated': 2}, {'centroid': [2, 0, 0], 'frequency': Counter({(2, 0, 0): 1}), 'last_updated': 3}]}
2025-01-05 01:36:47,365 - INFO - CURRENT_CLUSTERS - Incident: {'total_clusters': 3, 'details': [{'centroid': [0, 0, 0], 'frequency': Counter({(0, 0, 0): 1}), 'last_updated': 1}, {'centroid': [0, 1, 1], 'frequency': Counter({(0, 1, 1): 1}), 'last_updated': 2}, {'centroid': [2, 0, 0], 'frequency': Counter({(2, 0, 0): 1}), 'last_updated': 3}]}
2025-01-05 01:36:47,365 - INFO - SPLIT - Cluster Analysis: {'clusters_involved': ['Cluster_1', 'Cluster_2'], 'details': {'similarity_matrix': [[2.6, 0.8666666666666667, 0.8666666666666667], [0.8666666666666667, 1.5333333333333332, 0.20000000000000004], [0.8666666666666667, 0.20000000000000004, 0.4666666666666666]]}}
2025-01-05 01:36:47,365 - INFO - SPLIT_MERGE_RESULT - Incident: {'result': ('split', ['Cluster_1', 'Cluster_2'])}
2025-01-05 01:36:47,365 - INFO - SPLIT_MERGE_ANALYSIS - Incident: {'result': ('split', ['Cluster_1', 'Cluster_2'])}
2025-01-05 01:36:48,469 - INFO - NEW_VECTOR - Incident: {'vector': array([3, 2, 2]), 'features': ['MineName', 'MineType', 'MineTypeGroup']}
2025-01-05 01:36:48,469 - INFO - INCOMING_VECTOR - Incident: {'vector': array([3, 2, 2])}
2025-01-05 01:36:48,469 - INFO - DBSTREAM_UPDATE - DBStream: {'vector': array([3, 2, 2])}
2025-01-05 01:36:48,470 - INFO - NEW_CLUSTER - DBStream: {'centroid': array([3, 2, 2])}
2025-01-05 01:36:48,470 - INFO - CLUSTER_UPDATE - Incident: {'new_vector': array([3, 2, 2]), 'cluster_id': None, 'micro_clusters': [{'centroid': [0, 0, 0], 'frequency': Counter({(0, 0, 0): 1}), 'last_updated': 1}, {'centroid': [0, 1, 1], 'frequency': Counter({(0, 1, 1): 1}), 'last_updated': 2}, {'centroid': [2, 0, 0], 'frequency': Counter({(2, 0, 0): 1}), 'last_updated': 3}, {'centroid': [3, 2, 2], 'frequency': Counter({(3, 2, 2): 1}), 'last_updated': 4}]}
2025-01-05 01:36:48,470 - INFO - CURRENT_CLUSTERS - Incident: {'total_clusters': 4, 'details': [{'centroid': [0, 0, 0], 'frequency': Counter({(0, 0, 0): 1}), 'last_updated': 1}, {'centroid': [0, 1, 1], 'frequency': Counter({(0, 1, 1): 1}), 'last_updated': 2}, {'centroid': [2, 0, 0], 'frequency': Counter({(2, 0, 0): 1}), 'last_updated': 3}, {'centroid': [3, 2, 2], 'frequency': Counter({(3, 2, 2): 1}), 'last_updated': 4}]}
2025-01-05 01:36:48,470 - INFO - SPLIT - Cluster Analysis: {'clusters_involved': ['Cluster_0', 'Cluster_1', 'Cluster_2', 'Cluster_3'], 'details': {'similarity_matrix': [[2.6, 0.8666666666666667, 0.8666666666666667, -3.466666666666667], [0.8666666666666667, 1.5333333333333332, 0.20000000000000004, -1.7333333333333332], [0.8666666666666667, 0.20000000000000004, 0.4666666666666666, -1.7333333333333334], [-3.466666666666667, -1.7333333333333332, -1.7333333333333334, 1.5333333333333332]]}}
2025-01-05 01:36:48,470 - INFO - SPLIT_MERGE_RESULT - Incident: {'result': ('split', ['Cluster_0', 'Cluster_1', 'Cluster_2', 'Cluster_3'])}
2025-01-05 01:36:48,470 - INFO - SPLIT_MERGE_ANALYSIS - Incident: {'result': ('split', ['Cluster_0', 'Cluster_1', 'Cluster_2', 'Cluster_3'])}
2025-01-05 01:36:49,572 - INFO - NEW_VECTOR - Incident: {'vector': array([3, 2, 2]), 'features': ['MineName', 'MineType', 'MineTypeGroup']}
2025-01-05 01:36:49,572 - INFO - INCOMING_VECTOR - Incident: {'vector': array([3, 2, 2])}
2025-01-05 01:36:49,572 - INFO - DBSTREAM_UPDATE - DBStream: {'vector': array([3, 2, 2])}
2025-01-05 01:36:49,572 - INFO - CLUSTER_UPDATE - Incident: {'new_vector': array([3, 2, 2]), 'cluster_id': None, 'micro_clusters': [{'centroid': [0, 0, 0], 'frequency': Counter({(0, 0, 0): 1}), 'last_updated': 1}, {'centroid': [0, 1, 1], 'frequency': Counter({(0, 1, 1): 1}), 'last_updated': 2}, {'centroid': [2, 0, 0], 'frequency': Counter({(2, 0, 0): 1}), 'last_updated': 3}, {'centroid': [3, 2, 2], 'frequency': Counter({(3, 2, 2): 2}), 'last_updated': 5}]}
2025-01-05 01:36:49,573 - INFO - CURRENT_CLUSTERS - Incident: {'total_clusters': 4, 'details': [{'centroid': [0, 0, 0], 'frequency': Counter({(0, 0, 0): 1}), 'last_updated': 1}, {'centroid': [0, 1, 1], 'frequency': Counter({(0, 1, 1): 1}), 'last_updated': 2}, {'centroid': [2, 0, 0], 'frequency': Counter({(2, 0, 0): 1}), 'last_updated': 3}, {'centroid': [3, 2, 2], 'frequency': Counter({(3, 2, 2): 2}), 'last_updated': 5}]}
2025-01-05 01:36:49,573 - INFO - SPLIT - Cluster Analysis: {'clusters_involved': ['Cluster_0', 'Cluster_1', 'Cluster_2', 'Cluster_3'], 'details': {'similarity_matrix': [[2.6, 0.8666666666666667, 0.8666666666666667, -3.466666666666667], [0.8666666666666667, 1.5333333333333332, 0.20000000000000004, -1.7333333333333332], [0.8666666666666667, 0.20000000000000004, 0.4666666666666666, -1.7333333333333334], [-3.466666666666667, -1.7333333333333332, -1.7333333333333334, 1.5333333333333332]]}}
2025-01-05 01:36:49,573 - INFO - SPLIT_MERGE_RESULT - Incident: {'result': ('split', ['Cluster_0', 'Cluster_1', 'Cluster_2', 'Cluster_3'])}
2025-01-05 01:36:49,573 - INFO - SPLIT_MERGE_ANALYSIS - Incident: {'result': ('split', ['Cluster_0', 'Cluster_1', 'Cluster_2', 'Cluster_3'])}
2025-01-05 01:36:50,677 - INFO - NEW_VECTOR - Incident: {'vector': array([3, 0, 0]), 'features': ['MineName', 'MineType', 'MineTypeGroup']}
2025-01-05 01:36:50,677 - INFO - INCOMING_VECTOR - Incident: {'vector': array([3, 0, 0])}
2025-01-05 01:36:50,677 - INFO - DBSTREAM_UPDATE - DBStream: {'vector': array([3, 0, 0])}
2025-01-05 01:36:50,677 - INFO - NEW_CLUSTER - DBStream: {'centroid': array([3, 0, 0])}
2025-01-05 01:36:50,677 - INFO - CLUSTER_UPDATE - Incident: {'new_vector': array([3, 0, 0]), 'cluster_id': None, 'micro_clusters': [{'centroid': [0, 0, 0], 'frequency': Counter({(0, 0, 0): 1}), 'last_updated': 1}, {'centroid': [0, 1, 1], 'frequency': Counter({(0, 1, 1): 1}), 'last_updated': 2}, {'centroid': [2, 0, 0], 'frequency': Counter({(2, 0, 0): 1}), 'last_updated': 3}, {'centroid': [3, 2, 2], 'frequency': Counter({(3, 2, 2): 2}), 'last_updated': 5}, {'centroid': [3, 0, 0], 'frequency': Counter({(3, 0, 0): 1}), 'last_updated': 6}]}
2025-01-05 01:36:50,677 - INFO - CURRENT_CLUSTERS - Incident: {'total_clusters': 5, 'details': [{'centroid': [0, 0, 0], 'frequency': Counter({(0, 0, 0): 1}), 'last_updated': 1}, {'centroid': [0, 1, 1], 'frequency': Counter({(0, 1, 1): 1}), 'last_updated': 2}, {'centroid': [2, 0, 0], 'frequency': Counter({(2, 0, 0): 1}), 'last_updated': 3}, {'centroid': [3, 2, 2], 'frequency': Counter({(3, 2, 2): 2}), 'last_updated': 5}, {'centroid': [3, 0, 0], 'frequency': Counter({(3, 0, 0): 1}), 'last_updated': 6}]}
2025-01-05 01:36:50,678 - INFO - SPLIT - Cluster Analysis: {'clusters_involved': ['Cluster_0', 'Cluster_1', 'Cluster_2', 'Cluster_3', 'Cluster_4'], 'details': {'similarity_matrix': [[2.6, 0.8666666666666667, 0.8666666666666667, -3.466666666666667, 0.0], [0.8666666666666667, 1.5333333333333332, 0.20000000000000004, -1.7333333333333332, -0.6666666666666666], [0.8666666666666667, 0.20000000000000004, 0.4666666666666666, -1.7333333333333334, -0.4000000000000001], [-3.466666666666667, -1.7333333333333332, -1.7333333333333334, 1.5333333333333332, -1.9333333333333333], [0.0, -0.6666666666666666, -0.4000000000000001, -1.9333333333333333, -0.6]]}}
2025-01-05 01:36:50,678 - INFO - SPLIT_MERGE_RESULT - Incident: {'result': ('split', ['Cluster_0', 'Cluster_1', 'Cluster_2', 'Cluster_3', 'Cluster_4'])}
2025-01-05 01:36:50,678 - INFO - SPLIT_MERGE_ANALYSIS - Incident: {'result': ('split', ['Cluster_0', 'Cluster_1', 'Cluster_2', 'Cluster_3', 'Cluster_4'])}
2025-01-05 01:36:51,782 - INFO - NEW_VECTOR - Incident: {'vector': array([4, 1, 1]), 'features': ['MineName', 'MineType', 'MineTypeGroup']}
2025-01-05 01:36:51,782 - INFO - INCOMING_VECTOR - Incident: {'vector': array([4, 1, 1])}
2025-01-05 01:36:51,782 - INFO - DBSTREAM_UPDATE - DBStream: {'vector': array([4, 1, 1])}
2025-01-05 01:36:51,782 - INFO - NEW_CLUSTER - DBStream: {'centroid': array([4, 1, 1])}
2025-01-05 01:36:51,782 - INFO - CLUSTER_UPDATE - Incident: {'new_vector': array([4, 1, 1]), 'cluster_id': None, 'micro_clusters': [{'centroid': [0, 0, 0], 'frequency': Counter({(0, 0, 0): 1}), 'last_updated': 1}, {'centroid': [0, 1, 1], 'frequency': Counter({(0, 1, 1): 1}), 'last_updated': 2}, {'centroid': [2, 0, 0], 'frequency': Counter({(2, 0, 0): 1}), 'last_updated': 3}, {'centroid': [3, 2, 2], 'frequency': Counter({(3, 2, 2): 2}), 'last_updated': 5}, {'centroid': [3, 0, 0], 'frequency': Counter({(3, 0, 0): 1}), 'last_updated': 6}, {'centroid': [4, 1, 1], 'frequency': Counter({(4, 1, 1): 1}), 'last_updated': 7}]}
2025-01-05 01:36:51,782 - INFO - CURRENT_CLUSTERS - Incident: {'total_clusters': 6, 'details': [{'centroid': [0, 0, 0], 'frequency': Counter({(0, 0, 0): 1}), 'last_updated': 1}, {'centroid': [0, 1, 1], 'frequency': Counter({(0, 1, 1): 1}), 'last_updated': 2}, {'centroid': [2, 0, 0], 'frequency': Counter({(2, 0, 0): 1}), 'last_updated': 3}, {'centroid': [3, 2, 2], 'frequency': Counter({(3, 2, 2): 2}), 'last_updated': 5}, {'centroid': [3, 0, 0], 'frequency': Counter({(3, 0, 0): 1}), 'last_updated': 6}, {'centroid': [4, 1, 1], 'frequency': Counter({(4, 1, 1): 1}), 'last_updated': 7}]}
2025-01-05 01:36:51,782 - INFO - SPLIT - Cluster Analysis: {'clusters_involved': ['Cluster_0', 'Cluster_1', 'Cluster_2', 'Cluster_3', 'Cluster_4', 'Cluster_5'], 'details': {'similarity_matrix': [[2.6, 0.8666666666666667, 0.8666666666666667, -3.466666666666667, 0.0, -2.6], [0.8666666666666667, 1.5333333333333332, 0.20000000000000004, -1.7333333333333332, -0.6666666666666666, -0.8666666666666668], [0.8666666666666667, 0.20000000000000004, 0.4666666666666666, -1.7333333333333334, -0.4000000000000001, -1.9333333333333336], [-3.466666666666667, -1.7333333333333332, -1.7333333333333334, 1.5333333333333332, -1.9333333333333333, -1.0666666666666667], [0.0, -0.6666666666666666, -0.4000000000000001, -1.9333333333333333, -0.6, -2.1333333333333333], [-2.6, -0.8666666666666668, -1.9333333333333336, -1.0666666666666667, -2.1333333333333333, -0.6]]}}
2025-01-05 01:36:51,782 - INFO - SPLIT_MERGE_RESULT - Incident: {'result': ('split', ['Cluster_0', 'Cluster_1', 'Cluster_2', 'Cluster_3', 'Cluster_4', 'Cluster_5'])}
2025-01-05 01:36:51,782 - INFO - SPLIT_MERGE_ANALYSIS - Incident: {'result': ('split', ['Cluster_0', 'Cluster_1', 'Cluster_2', 'Cluster_3', 'Cluster_4', 'Cluster_5'])}
2025-01-05 01:36:52,887 - INFO - NEW_VECTOR - Incident: {'vector': array([1, 0, 0]), 'features': ['MineName', 'MineType', 'MineTypeGroup']}
2025-01-05 01:36:52,887 - INFO - INCOMING_VECTOR - Incident: {'vector': array([1, 0, 0])}
2025-01-05 01:36:52,887 - INFO - DBSTREAM_UPDATE - DBStream: {'vector': array([1, 0, 0])}
2025-01-05 01:36:52,887 - INFO - NEW_CLUSTER - DBStream: {'centroid': array([1, 0, 0])}
2025-01-05 01:36:52,887 - INFO - CLUSTER_UPDATE - Incident: {'new_vector': array([1, 0, 0]), 'cluster_id': None, 'micro_clusters': [{'centroid': [0, 0, 0], 'frequency': Counter({(0, 0, 0): 1}), 'last_updated': 1}, {'centroid': [0, 1, 1], 'frequency': Counter({(0, 1, 1): 1}), 'last_updated': 2}, {'centroid': [2, 0, 0], 'frequency': Counter({(2, 0, 0): 1}), 'last_updated': 3}, {'centroid': [3, 2, 2], 'frequency': Counter({(3, 2, 2): 2}), 'last_updated': 5}, {'centroid': [3, 0, 0], 'frequency': Counter({(3, 0, 0): 1}), 'last_updated': 6}, {'centroid': [4, 1, 1], 'frequency': Counter({(4, 1, 1): 1}), 'last_updated': 7}, {'centroid': [1, 0, 0], 'frequency': Counter({(1, 0, 0): 1}), 'last_updated': 8}]}
2025-01-05 01:36:52,887 - INFO - CURRENT_CLUSTERS - Incident: {'total_clusters': 7, 'details': [{'centroid': [0, 0, 0], 'frequency': Counter({(0, 0, 0): 1}), 'last_updated': 1}, {'centroid': [0, 1, 1], 'frequency': Counter({(0, 1, 1): 1}), 'last_updated': 2}, {'centroid': [2, 0, 0], 'frequency': Counter({(2, 0, 0): 1}), 'last_updated': 3}, {'centroid': [3, 2, 2], 'frequency': Counter({(3, 2, 2): 2}), 'last_updated': 5}, {'centroid': [3, 0, 0], 'frequency': Counter({(3, 0, 0): 1}), 'last_updated': 6}, {'centroid': [4, 1, 1], 'frequency': Counter({(4, 1, 1): 1}), 'last_updated': 7}, {'centroid': [1, 0, 0], 'frequency': Counter({(1, 0, 0): 1}), 'last_updated': 8}]}
2025-01-05 01:36:52,887 - INFO - SPLIT - Cluster Analysis: {'clusters_involved': ['Cluster_0', 'Cluster_1', 'Cluster_2', 'Cluster_3', 'Cluster_4', 'Cluster_5', 'Cluster_6'], 'details': {'similarity_matrix': [[2.6, 0.8666666666666667, 0.8666666666666667, -3.466666666666667, 0.0, -2.6, 1.7333333333333334], [0.8666666666666667, 1.5333333333333332, 0.20000000000000004, -1.7333333333333332, -0.6666666666666666, -0.8666666666666668, 1.0666666666666667], [0.8666666666666667, 0.20000000000000004, 0.4666666666666666, -1.7333333333333334, -0.4000000000000001, -1.9333333333333336, 0.6666666666666666], [-3.466666666666667, -1.7333333333333332, -1.7333333333333334, 1.5333333333333332, -1.9333333333333333, -1.0666666666666667, -2.6], [0.0, -0.6666666666666666, -0.4000000000000001, -1.9333333333333333, -0.6, -2.1333333333333333, -0.2000000000000001], [-2.6, -0.8666666666666668, -1.9333333333333336, -1.0666666666666667, -2.1333333333333333, -0.6, -1.7333333333333336], [1.7333333333333334, 1.0666666666666667, 0.6666666666666666, -2.6, -0.2000000000000001, -1.7333333333333336, 1.5333333333333332]]}}
2025-01-05 01:36:52,887 - INFO - SPLIT_MERGE_RESULT - Incident: {'result': ('split', ['Cluster_0', 'Cluster_1', 'Cluster_2', 'Cluster_3', 'Cluster_4', 'Cluster_5', 'Cluster_6'])}
2025-01-05 01:36:52,887 - INFO - SPLIT_MERGE_ANALYSIS - Incident: {'result': ('split', ['Cluster_0', 'Cluster_1', 'Cluster_2', 'Cluster_3', 'Cluster_4', 'Cluster_5', 'Cluster_6'])}
2025-01-05 01:36:53,991 - INFO - NEW_VECTOR - Incident: {'vector': array([2, 3, 3]), 'features': ['MineName', 'MineType', 'MineTypeGroup']}
2025-01-05 01:36:53,991 - INFO - INCOMING_VECTOR - Incident: {'vector': array([2, 3, 3])}
2025-01-05 01:36:53,991 - INFO - DBSTREAM_UPDATE - DBStream: {'vector': array([2, 3, 3])}
2025-01-05 01:36:53,991 - INFO - NEW_CLUSTER - DBStream: {'centroid': array([2, 3, 3])}
2025-01-05 01:36:53,991 - INFO - CLUSTER_UPDATE - Incident: {'new_vector': array([2, 3, 3]), 'cluster_id': None, 'micro_clusters': [{'centroid': [0, 0, 0], 'frequency': Counter({(0, 0, 0): 1}), 'last_updated': 1}, {'centroid': [0, 1, 1], 'frequency': Counter({(0, 1, 1): 1}), 'last_updated': 2}, {'centroid': [2, 0, 0], 'frequency': Counter({(2, 0, 0): 1}), 'last_updated': 3}, {'centroid': [3, 2, 2], 'frequency': Counter({(3, 2, 2): 2}), 'last_updated': 5}, {'centroid': [3, 0, 0], 'frequency': Counter({(3, 0, 0): 1}), 'last_updated': 6}, {'centroid': [4, 1, 1], 'frequency': Counter({(4, 1, 1): 1}), 'last_updated': 7}, {'centroid': [1, 0, 0], 'frequency': Counter({(1, 0, 0): 1}), 'last_updated': 8}, {'centroid': [2, 3, 3], 'frequency': Counter({(2, 3, 3): 1}), 'last_updated': 9}]}
2025-01-05 01:36:53,991 - INFO - CURRENT_CLUSTERS - Incident: {'total_clusters': 8, 'details': [{'centroid': [0, 0, 0], 'frequency': Counter({(0, 0, 0): 1}), 'last_updated': 1}, {'centroid': [0, 1, 1], 'frequency': Counter({(0, 1, 1): 1}), 'last_updated': 2}, {'centroid': [2, 0, 0], 'frequency': Counter({(2, 0, 0): 1}), 'last_updated': 3}, {'centroid': [3, 2, 2], 'frequency': Counter({(3, 2, 2): 2}), 'last_updated': 5}, {'centroid': [3, 0, 0], 'frequency': Counter({(3, 0, 0): 1}), 'last_updated': 6}, {'centroid': [4, 1, 1], 'frequency': Counter({(4, 1, 1): 1}), 'last_updated': 7}, {'centroid': [1, 0, 0], 'frequency': Counter({(1, 0, 0): 1}), 'last_updated': 8}, {'centroid': [2, 3, 3], 'frequency': Counter({(2, 3, 3): 1}), 'last_updated': 9}]}
2025-01-05 01:36:53,991 - INFO - SPLIT - Cluster Analysis: {'clusters_involved': ['Cluster_0', 'Cluster_1', 'Cluster_2', 'Cluster_3', 'Cluster_4', 'Cluster_5', 'Cluster_6', 'Cluster_7'], 'details': {'similarity_matrix': [[2.6, 0.8666666666666667, 0.8666666666666667, -3.466666666666667, 0.0, -2.6, 1.7333333333333334, -4.333333333333333], [0.8666666666666667, 1.5333333333333332, 0.20000000000000004, -1.7333333333333332, -0.6666666666666666, -0.8666666666666668, 1.0666666666666667, -2.6], [0.8666666666666667, 0.20000000000000004, 0.4666666666666666, -1.7333333333333334, -0.4000000000000001, -1.9333333333333336, 0.6666666666666666, -2.6], [-3.466666666666667, -1.7333333333333332, -1.7333333333333334, 1.5333333333333332, -1.9333333333333333, -1.0666666666666667, -2.6, 1.0666666666666667], [0.0, -0.6666666666666666, -0.4000000000000001, -1.9333333333333333, -0.6, -2.1333333333333333, -0.2000000000000001, -2.4], [-2.6, -0.8666666666666668, -1.9333333333333336, -1.0666666666666667, -2.1333333333333333, -0.6, -1.7333333333333336, -1.5333333333333332], [1.7333333333333334, 1.0666666666666667, 0.6666666666666666, -2.6, -0.2000000000000001, -1.7333333333333336, 1.5333333333333332, -3.466666666666667], [-4.333333333333333, -2.6, -2.6, 1.0666666666666667, -2.4, -1.5333333333333332, -3.466666666666667, 1.5333333333333332]]}}
2025-01-05 01:36:53,992 - INFO - SPLIT_MERGE_RESULT - Incident: {'result': ('split', ['Cluster_0', 'Cluster_1', 'Cluster_2', 'Cluster_3', 'Cluster_4', 'Cluster_5', 'Cluster_6', 'Cluster_7'])}
2025-01-05 01:36:53,992 - INFO - SPLIT_MERGE_ANALYSIS - Incident: {'result': ('split', ['Cluster_0', 'Cluster_1', 'Cluster_2', 'Cluster_3', 'Cluster_4', 'Cluster_5', 'Cluster_6', 'Cluster_7'])}
2025-01-05 01:48:32,612 - INFO - NEW_VECTOR - Incident: {'vector': array([0, 0, 0]), 'features': ['MineName', 'MineType', 'MineTypeGroup']}
2025-01-05 01:48:32,612 - INFO - NEW_ACTIVITY_LABEL - Incident: Initialized a new cluster group
2025-01-05 01:48:32,612 - INFO - INCOMING_VECTOR - Incident: {'vector': array([0, 0, 0])}
2025-01-05 01:48:32,612 - INFO - DBSTREAM_UPDATE - DBStream: {'vector': array([0, 0, 0])}
2025-01-05 01:48:32,613 - INFO - NEW_CLUSTER - DBStream: {'centroid': array([0, 0, 0])}
2025-01-05 01:48:32,613 - INFO - CLUSTER_UPDATE - Incident: {'new_vector': array([0, 0, 0]), 'cluster_id': None, 'micro_clusters': [{'centroid': [0, 0, 0], 'frequency': Counter({(0, 0, 0): 1}), 'last_updated': 1}]}
2025-01-05 01:48:32,613 - INFO - NO_CHANGE - Incident: Insufficient clusters for analysis.
2025-01-05 01:48:32,613 - INFO - SPLIT_MERGE_RESULT - Incident: {'result': ('no_change', 'Incident')}
2025-01-05 01:48:32,613 - INFO - SPLIT_MERGE_ANALYSIS - Incident: {'result': ('no_change', 'Incident')}
2025-01-05 01:48:33,716 - INFO - NEW_VECTOR - Incident: {'vector': array([0, 1, 1]), 'features': ['MineName', 'MineType', 'MineTypeGroup']}
2025-01-05 01:48:33,716 - INFO - INCOMING_VECTOR - Incident: {'vector': array([0, 1, 1])}
2025-01-05 01:48:33,716 - INFO - DBSTREAM_UPDATE - DBStream: {'vector': array([0, 1, 1])}
2025-01-05 01:48:33,717 - INFO - NEW_CLUSTER - DBStream: {'centroid': array([0, 1, 1])}
2025-01-05 01:48:33,717 - INFO - CLUSTER_UPDATE - Incident: {'new_vector': array([0, 1, 1]), 'cluster_id': None, 'micro_clusters': [{'centroid': [0, 0, 0], 'frequency': Counter({(0, 0, 0): 1}), 'last_updated': 1}, {'centroid': [0, 1, 1], 'frequency': Counter({(0, 1, 1): 1}), 'last_updated': 2}]}
2025-01-05 01:48:33,717 - INFO - CURRENT_CLUSTERS - Incident: {'total_clusters': 2, 'details': [{'centroid': [0, 0, 0], 'frequency': Counter({(0, 0, 0): 1}), 'last_updated': 1}, {'centroid': [0, 1, 1], 'frequency': Counter({(0, 1, 1): 1}), 'last_updated': 2}]}
2025-01-05 01:48:33,717 - INFO - MERGE - Cluster Analysis: {'clusters_involved': [0, 1], 'details': {'aggregated_vector': [0.0, 0.5, 0.5]}}
2025-01-05 01:48:33,717 - INFO - SPLIT_MERGE_RESULT - Incident: {'result': ('merge', [0, 1])}
2025-01-05 01:48:33,717 - INFO - SPLIT_MERGE_ANALYSIS - Incident: {'result': ('merge', [0, 1])}
2025-01-05 01:48:34,820 - INFO - NEW_VECTOR - Incident: {'vector': array([2, 0, 0]), 'features': ['MineName', 'MineType', 'MineTypeGroup']}
2025-01-05 01:48:34,820 - INFO - INCOMING_VECTOR - Incident: {'vector': array([2, 0, 0])}
2025-01-05 01:48:34,820 - INFO - DBSTREAM_UPDATE - DBStream: {'vector': array([2, 0, 0])}
2025-01-05 01:48:34,821 - INFO - NEW_CLUSTER - DBStream: {'centroid': array([2, 0, 0])}
2025-01-05 01:48:34,821 - INFO - CLUSTER_UPDATE - Incident: {'new_vector': array([2, 0, 0]), 'cluster_id': None, 'micro_clusters': [{'centroid': [0, 0, 0], 'frequency': Counter({(0, 0, 0): 1}), 'last_updated': 1}, {'centroid': [0, 1, 1], 'frequency': Counter({(0, 1, 1): 1}), 'last_updated': 2}, {'centroid': [2, 0, 0], 'frequency': Counter({(2, 0, 0): 1}), 'last_updated': 3}]}
2025-01-05 01:48:34,821 - INFO - CURRENT_CLUSTERS - Incident: {'total_clusters': 3, 'details': [{'centroid': [0, 0, 0], 'frequency': Counter({(0, 0, 0): 1}), 'last_updated': 1}, {'centroid': [0, 1, 1], 'frequency': Counter({(0, 1, 1): 1}), 'last_updated': 2}, {'centroid': [2, 0, 0], 'frequency': Counter({(2, 0, 0): 1}), 'last_updated': 3}]}
2025-01-05 01:48:34,821 - INFO - SPLIT - Cluster Analysis: {'clusters_involved': ['Cluster_1', 'Cluster_2'], 'details': {'similarity_matrix': [[2.6, 0.8666666666666667, 0.8666666666666667], [0.8666666666666667, 1.5333333333333332, 0.20000000000000004], [0.8666666666666667, 0.20000000000000004, 0.4666666666666666]]}}
2025-01-05 01:48:34,821 - INFO - SPLIT_MERGE_RESULT - Incident: {'result': ('split', ['Cluster_1', 'Cluster_2'])}
2025-01-05 01:48:34,821 - INFO - SPLIT_MERGE_ANALYSIS - Incident: {'result': ('split', ['Cluster_1', 'Cluster_2'])}
