
 Performance of golden standard model:
token_fitness
{"perc_fit_traces": 74.2, "average_trace_fitness": 0.954287257290356, "log_fitness": 0.9581503965389515, "percentage_of_fitting_traces": 74.2}
precision
0.770582267204474
0.6901408450704225
generalization
0.9544397652610738

 Xixi split labels:
['B_X_1', 'B_X_2', 'B_X_0']

 Xixi refined log results:

 IM without noise threshold:
token_fitness
{"perc_fit_traces": 39.4, "average_trace_fitness": 0.9604189007225, "log_fitness": 0.9622151112496848, "percentage_of_fitting_traces": 39.4}
precision
0.585954045954046
0.6444444444444444
generalization
0.9215478999205526

 Xixi clustering:
Clustering with 2393 elements and 3 clusters
[0] 293, 479, 1207, 1450, 1546, 1585
[1] 0, 2, 5, 7, 10, 12, 14, 16, 19, 21, 24, 27, 29, 32, 34, 36, 38, 40, 42,
    44, 46, 49, 52, 55, 57, 59, 62, 64, 67, 70, 72, 74, 76, 78, 81, 84, 86,
    88, 91, 93, 96, 98, 101, 103, 105, 108, 110, 112, 115, 117, 119, 122, 125,
    127, 130, 133, 136, 138, 140, 143, 145, 147, 150, 153, 155, 157, 159, 161,
    164, 166, 168, 170, 172, 174, 176, 179, 181, 184, 187, 189, 191, 194, 196,
    198, 200, 202, 205, 207, 209, 211, 213, 215, 217, 220, 223, 225, 227, 229,
    231, 234, 236, 238, 241, 243, 246, 249, 251, 253, 255, 258, 260, 262, 265,
    268, 270, 272, 274, 276, 278, 280, 283, 285, 288, 290, 295, 297, 299, 302,
    304, 307, 310, 312, 315, 317, 319, 321, 323, 326, 328, 330, 332, 335, 338,
    340, 342, 344, 346, 348, 351, 353, 356, 358, 361, 364, 367, 370, 372, 375,
    378, 380, 383, 386, 389, 391, 394, 396, 398, 401, 404, 406, 409, 412, 414,
    417, 420, 422, 425, 427, 430, 432, 434, 436, 439, 442, 444, 446, 449, 451,
    454, 457, 459, 462, 465, 468, 471, 474, 476, 481, 483, 486, 488, 491, 494,
    497, 499, 502, 505, 508, 511, 514, 517, 520, 523, 525, 528, 530, 533, 535,
    538, 540, 542, 544, 547, 549, 552, 555, 557, 560, 563, 565, 568, 570, 573,
    575, 578, 581, 583, 586, 588, 590, 593, 595, 597, 600, 603, 606, 608, 610,
    613, 616, 619, 622, 625, 628, 631, 634, 636, 638, 640, 643, 645, 648, 650,
    653, 655, 657, 659, 662, 664, 666, 669, 671, 674, 676, 678, 681, 683, 685,
    687, 690, 693, 696, 698, 700, 703, 705, 708, 710, 712, 714, 716, 719, 722,
    724, 727, 729, 731, 734, 736, 738, 740, 742, 744, 747, 750, 753, 755, 758,
    760, 763, 766, 768, 770, 773, 776, 779, 782, 785, 788, 791, 793, 796, 799,
    802, 805, 808, 811, 813, 815, 817, 819, 821, 823, 826, 829, 832, 834, 837,
    839, 842, 845, 847, 850, 853, 855, 857, 860, 863, 866, 869, 871, 874, 876,
    878, 880, 882, 885, 887, 889, 892, 894, 896, 899, 901, 903, 905, 907, 910,
    912, 914, 916, 918, 920, 923, 925, 928, 931, 934, 937, 939, 941, 944, 947,
    950, 952, 954, 956, 958, 960, 962, 964, 966, 968, 970, 972, 974, 977, 979,
    981, 984, 987, 990, 993, 995, 998, 1000, 1002, 1004, 1007, 1009, 1011,
    1013, 1016, 1018, 1021, 1023, 1026, 1029, 1032, 1035, 1038, 1041, 1043,
    1045, 1047, 1049, 1052, 1055, 1057, 1059, 1061, 1064, 1067, 1069, 1071,
    1074, 1076, 1078, 1080, 1083, 1085, 1088, 1090, 1092, 1094, 1096, 1098,
    1101, 1103, 1106, 1109, 1111, 1114, 1116, 1118, 1121, 1123, 1126, 1129,
    1132, 1135, 1138, 1141, 1143, 1146, 1148, 1150, 1153, 1155, 1157, 1159,
    1161, 1164, 1166, 1168, 1170, 1173, 1176, 1179, 1182, 1184, 1187, 1189,
    1192, 1195, 1198, 1201, 1204, 1210, 1212, 1215, 1217, 1219, 1221, 1223,
    1225, 1228, 1230, 1232, 1235, 1238, 1240, 1242, 1244, 1246, 1249, 1251,
    1254, 1256, 1258, 1260, 1262, 1264, 1266, 1268, 1271, 1273, 1275, 1277,
    1280, 1283, 1286, 1289, 1292, 1294, 1296, 1298, 1301, 1303, 1306, 1308,
    1310, 1312, 1314, 1317, 1320, 1322, 1324, 1326, 1328, 1331, 1333, 1336,
    1338, 1341, 1344, 1346, 1348, 1351, 1353, 1356, 1358, 1361, 1364, 1367,
    1370, 1372, 1375, 1378, 1381, 1384, 1386, 1388, 1391, 1394, 1396, 1399,
    1402, 1404, 1407, 1410, 1412, 1415, 1418, 1421, 1423, 1425, 1427, 1429,
    1431, 1433, 1436, 1438, 1441, 1444, 1447, 1453, 1455, 1457, 1459, 1462,
    1465, 1468, 1471, 1473, 1475, 1478, 1481, 1484, 1486, 1488, 1491, 1494,
    1497, 1499, 1502, 1505, 1507, 1509, 1511, 1513, 1516, 1518, 1520, 1523,
    1526, 1528, 1530, 1532, 1534, 1536, 1538, 1540, 1542, 1544, 1549, 1552,
    1555, 1558, 1561, 1564, 1566, 1568, 1570, 1572, 1574, 1577, 1579, 1581,
    1583, 1588, 1590, 1592, 1594, 1597, 1600, 1602, 1604, 1606, 1609, 1612,
    1614, 1616, 1618, 1621, 1624, 1627, 1630, 1633, 1636, 1638, 1640, 1642,
    1644, 1647, 1649, 1652, 1655, 1657, 1660, 1662, 1664, 1667, 1669, 1671,
    1674, 1677, 1680, 1682, 1685, 1687, 1689, 1691, 1693, 1695, 1698, 1701,
    1703, 1706, 1708, 1711, 1714, 1716, 1719, 1722, 1725, 1728, 1730, 1732,
    1734, 1737, 1740, 1743, 1746, 1749, 1752, 1754, 1757, 1759, 1761, 1763,
    1766, 1768, 1771, 1774, 1776, 1779, 1782, 1784, 1786, 1789, 1792, 1795,
    1798, 1801, 1804, 1807, 1810, 1812, 1814, 1816, 1818, 1820, 1823, 1825,
    1827, 1830, 1833, 1836, 1839, 1841, 1844, 1846, 1848, 1851, 1853, 1856,
    1859, 1862, 1865, 1868, 1871, 1873, 1876, 1878, 1881, 1884, 1886, 1888,
    1890, 1892, 1894, 1896, 1898, 1901, 1904, 1907, 1910, 1912, 1914, 1917,
    1919, 1922, 1925, 1927, 1930, 1932, 1934, 1936, 1939, 1941, 1944, 1947,
    1950, 1953, 1956, 1958, 1960, 1963, 1965, 1967, 1970, 1972, 1975, 1977,
    1980, 1983, 1985, 1987, 1990, 1992, 1994, 1997, 1999, 2001, 2004, 2006,
    2008, 2010, 2013, 2016, 2018, 2020, 2022, 2025, 2027, 2030, 2032, 2035,
    2038, 2040, 2043, 2045, 2047, 2049, 2052, 2055, 2057, 2060, 2062, 2064,
    2066, 2068, 2070, 2073, 2076, 2078, 2080, 2083, 2086, 2088, 2090, 2093,
    2095, 2097, 2099, 2102, 2105, 2108, 2111, 2114, 2117, 2120, 2123, 2125,
    2127, 2130, 2133, 2136, 2139, 2141, 2143, 2146, 2149, 2151, 2154, 2157,
    2160, 2163, 2166, 2169, 2172, 2175, 2177, 2180, 2182, 2184, 2186, 2189,
    2192, 2195, 2197, 2199, 2202, 2204, 2207, 2209, 2211, 2214, 2216, 2219,
    2222, 2224, 2227, 2230, 2232, 2234, 2237, 2240, 2242, 2244, 2246, 2248,
    2250, 2253, 2256, 2259, 2262, 2265, 2267, 2270, 2273, 2276, 2278, 2280,
    2283, 2285, 2288, 2291, 2293, 2295, 2297, 2299, 2301, 2303, 2305, 2307,
    2309, 2311, 2313, 2315, 2318, 2321, 2324, 2327, 2330, 2333, 2335, 2338,
    2341, 2344, 2346, 2349, 2352, 2354, 2357, 2360, 2362, 2365, 2368, 2370,
    2372, 2374, 2376, 2379, 2382, 2384, 2387, 2390
[2] 1, 3, 4, 6, 8, 9, 11, 13, 15, 17, 18, 20, 22, 23, 25, 26, 28, 30, 31, 33,
    35, 37, 39, 41, 43, 45, 47, 48, 50, 51, 53, 54, 56, 58, 60, 61, 63, 65,
    66, 68, 69, 71, 73, 75, 77, 79, 80, 82, 83, 85, 87, 89, 90, 92, 94, 95,
    97, 99, 100, 102, 104, 106, 107, 109, 111, 113, 114, 116, 118, 120, 121,
    123, 124, 126, 128, 129, 131, 132, 134, 135, 137, 139, 141, 142, 144, 146,
    148, 149, 151, 152, 154, 156, 158, 160, 162, 163, 165, 167, 169, 171, 173,
    175, 177, 178, 180, 182, 183, 185, 186, 188, 190, 192, 193, 195, 197, 199,
    201, 203, 204, 206, 208, 210, 212, 214, 216, 218, 219, 221, 222, 224, 226,
    228, 230, 232, 233, 235, 237, 239, 240, 242, 244, 245, 247, 248, 250, 252,
    254, 256, 257, 259, 261, 263, 264, 266, 267, 269, 271, 273, 275, 277, 279,
    281, 282, 284, 286, 287, 289, 291, 292, 294, 296, 298, 300, 301, 303, 305,
    306, 308, 309, 311, 313, 314, 316, 318, 320, 322, 324, 325, 327, 329, 331,
    333, 334, 336, 337, 339, 341, 343, 345, 347, 349, 350, 352, 354, 355, 357,
    359, 360, 362, 363, 365, 366, 368, 369, 371, 373, 374, 376, 377, 379, 381,
    382, 384, 385, 387, 388, 390, 392, 393, 395, 397, 399, 400, 402, 403, 405,
    407, 408, 410, 411, 413, 415, 416, 418, 419, 421, 423, 424, 426, 428, 429,
    431, 433, 435, 437, 438, 440, 441, 443, 445, 447, 448, 450, 452, 453, 455,
    456, 458, 460, 461, 463, 464, 466, 467, 469, 470, 472, 473, 475, 477, 478,
    480, 482, 484, 485, 487, 489, 490, 492, 493, 495, 496, 498, 500, 501, 503,
    504, 506, 507, 509, 510, 512, 513, 515, 516, 518, 519, 521, 522, 524, 526,
    527, 529, 531, 532, 534, 536, 537, 539, 541, 543, 545, 546, 548, 550, 551,
    553, 554, 556, 558, 559, 561, 562, 564, 566, 567, 569, 571, 572, 574, 576,
    577, 579, 580, 582, 584, 585, 587, 589, 591, 592, 594, 596, 598, 599, 601,
    602, 604, 605, 607, 609, 611, 612, 614, 615, 617, 618, 620, 621, 623, 624,
    626, 627, 629, 630, 632, 633, 635, 637, 639, 641, 642, 644, 646, 647, 649,
    651, 652, 654, 656, 658, 660, 661, 663, 665, 667, 668, 670, 672, 673, 675,
    677, 679, 680, 682, 684, 686, 688, 689, 691, 692, 694, 695, 697, 699, 701,
    702, 704, 706, 707, 709, 711, 713, 715, 717, 718, 720, 721, 723, 725, 726,
    728, 730, 732, 733, 735, 737, 739, 741, 743, 745, 746, 748, 749, 751, 752,
    754, 756, 757, 759, 761, 762, 764, 765, 767, 769, 771, 772, 774, 775, 777,
    778, 780, 781, 783, 784, 786, 787, 789, 790, 792, 794, 795, 797, 798, 800,
    801, 803, 804, 806, 807, 809, 810, 812, 814, 816, 818, 820, 822, 824, 825,
    827, 828, 830, 831, 833, 835, 836, 838, 840, 841, 843, 844, 846, 848, 849,
    851, 852, 854, 856, 858, 859, 861, 862, 864, 865, 867, 868, 870, 872, 873,
    875, 877, 879, 881, 883, 884, 886, 888, 890, 891, 893, 895, 897, 898, 900,
    902, 904, 906, 908, 909, 911, 913, 915, 917, 919, 921, 922, 924, 926, 927,
    929, 930, 932, 933, 935, 936, 938, 940, 942, 943, 945, 946, 948, 949, 951,
    953, 955, 957, 959, 961, 963, 965, 967, 969, 971, 973, 975, 976, 978, 980,
    982, 983, 985, 986, 988, 989, 991, 992, 994, 996, 997, 999, 1001, 1003,
    1005, 1006, 1008, 1010, 1012, 1014, 1015, 1017, 1019, 1020, 1022, 1024,
    1025, 1027, 1028, 1030, 1031, 1033, 1034, 1036, 1037, 1039, 1040, 1042,
    1044, 1046, 1048, 1050, 1051, 1053, 1054, 1056, 1058, 1060, 1062, 1063,
    1065, 1066, 1068, 1070, 1072, 1073, 1075, 1077, 1079, 1081, 1082, 1084,
    1086, 1087, 1089, 1091, 1093, 1095, 1097, 1099, 1100, 1102, 1104, 1105,
    1107, 1108, 1110, 1112, 1113, 1115, 1117, 1119, 1120, 1122, 1124, 1125,
    1127, 1128, 1130, 1131, 1133, 1134, 1136, 1137, 1139, 1140, 1142, 1144,
    1145, 1147, 1149, 1151, 1152, 1154, 1156, 1158, 1160, 1162, 1163, 1165,
    1167, 1169, 1171, 1172, 1174, 1175, 1177, 1178, 1180, 1181, 1183, 1185,
    1186, 1188, 1190, 1191, 1193, 1194, 1196, 1197, 1199, 1200, 1202, 1203,
    1205, 1206, 1208, 1209, 1211, 1213, 1214, 1216, 1218, 1220, 1222, 1224,
    1226, 1227, 1229, 1231, 1233, 1234, 1236, 1237, 1239, 1241, 1243, 1245,
    1247, 1248, 1250, 1252, 1253, 1255, 1257, 1259, 1261, 1263, 1265, 1267,
    1269, 1270, 1272, 1274, 1276, 1278, 1279, 1281, 1282, 1284, 1285, 1287,
    1288, 1290, 1291, 1293, 1295, 1297, 1299, 1300, 1302, 1304, 1305, 1307,
    1309, 1311, 1313, 1315, 1316, 1318, 1319, 1321, 1323, 1325, 1327, 1329,
    1330, 1332, 1334, 1335, 1337, 1339, 1340, 1342, 1343, 1345, 1347, 1349,
    1350, 1352, 1354, 1355, 1357, 1359, 1360, 1362, 1363, 1365, 1366, 1368,
    1369, 1371, 1373, 1374, 1376, 1377, 1379, 1380, 1382, 1383, 1385, 1387,
    1389, 1390, 1392, 1393, 1395, 1397, 1398, 1400, 1401, 1403, 1405, 1406,
    1408, 1409, 1411, 1413, 1414, 1416, 1417, 1419, 1420, 1422, 1424, 1426,
    1428, 1430, 1432, 1434, 1435, 1437, 1439, 1440, 1442, 1443, 1445, 1446,
    1448, 1449, 1451, 1452, 1454, 1456, 1458, 1460, 1461, 1463, 1464, 1466,
    1467, 1469, 1470, 1472, 1474, 1476, 1477, 1479, 1480, 1482, 1483, 1485,
    1487, 1489, 1490, 1492, 1493, 1495, 1496, 1498, 1500, 1501, 1503, 1504,
    1506, 1508, 1510, 1512, 1514, 1515, 1517, 1519, 1521, 1522, 1524, 1525,
    1527, 1529, 1531, 1533, 1535, 1537, 1539, 1541, 1543, 1545, 1547, 1548,
    1550, 1551, 1553, 1554, 1556, 1557, 1559, 1560, 1562, 1563, 1565, 1567,
    1569, 1571, 1573, 1575, 1576, 1578, 1580, 1582, 1584, 1586, 1587, 1589,
    1591, 1593, 1595, 1596, 1598, 1599, 1601, 1603, 1605, 1607, 1608, 1610,
    1611, 1613, 1615, 1617, 1619, 1620, 1622, 1623, 1625, 1626, 1628, 1629,
    1631, 1632, 1634, 1635, 1637, 1639, 1641, 1643, 1645, 1646, 1648, 1650,
    1651, 1653, 1654, 1656, 1658, 1659, 1661, 1663, 1665, 1666, 1668, 1670,
    1672, 1673, 1675, 1676, 1678, 1679, 1681, 1683, 1684, 1686, 1688, 1690,
    1692, 1694, 1696, 1697, 1699, 1700, 1702, 1704, 1705, 1707, 1709, 1710,
    1712, 1713, 1715, 1717, 1718, 1720, 1721, 1723, 1724, 1726, 1727, 1729,
    1731, 1733, 1735, 1736, 1738, 1739, 1741, 1742, 1744, 1745, 1747, 1748,
    1750, 1751, 1753, 1755, 1756, 1758, 1760, 1762, 1764, 1765, 1767, 1769,
    1770, 1772, 1773, 1775, 1777, 1778, 1780, 1781, 1783, 1785, 1787, 1788,
    1790, 1791, 1793, 1794, 1796, 1797, 1799, 1800, 1802, 1803, 1805, 1806,
    1808, 1809, 1811, 1813, 1815, 1817, 1819, 1821, 1822, 1824, 1826, 1828,
    1829, 1831, 1832, 1834, 1835, 1837, 1838, 1840, 1842, 1843, 1845, 1847,
    1849, 1850, 1852, 1854, 1855, 1857, 1858, 1860, 1861, 1863, 1864, 1866,
    1867, 1869, 1870, 1872, 1874, 1875, 1877, 1879, 1880, 1882, 1883, 1885,
    1887, 1889, 1891, 1893, 1895, 1897, 1899, 1900, 1902, 1903, 1905, 1906,
    1908, 1909, 1911, 1913, 1915, 1916, 1918, 1920, 1921, 1923, 1924, 1926,
    1928, 1929, 1931, 1933, 1935, 1937, 1938, 1940, 1942, 1943, 1945, 1946,
    1948, 1949, 1951, 1952, 1954, 1955, 1957, 1959, 1961, 1962, 1964, 1966,
    1968, 1969, 1971, 1973, 1974, 1976, 1978, 1979, 1981, 1982, 1984, 1986,
    1988, 1989, 1991, 1993, 1995, 1996, 1998, 2000, 2002, 2003, 2005, 2007,
    2009, 2011, 2012, 2014, 2015, 2017, 2019, 2021, 2023, 2024, 2026, 2028,
    2029, 2031, 2033, 2034, 2036, 2037, 2039, 2041, 2042, 2044, 2046, 2048,
    2050, 2051, 2053, 2054, 2056, 2058, 2059, 2061, 2063, 2065, 2067, 2069,
    2071, 2072, 2074, 2075, 2077, 2079, 2081, 2082, 2084, 2085, 2087, 2089,
    2091, 2092, 2094, 2096, 2098, 2100, 2101, 2103, 2104, 2106, 2107, 2109,
    2110, 2112, 2113, 2115, 2116, 2118, 2119, 2121, 2122, 2124, 2126, 2128,
    2129, 2131, 2132, 2134, 2135, 2137, 2138, 2140, 2142, 2144, 2145, 2147,
    2148, 2150, 2152, 2153, 2155, 2156, 2158, 2159, 2161, 2162, 2164, 2165,
    2167, 2168, 2170, 2171, 2173, 2174, 2176, 2178, 2179, 2181, 2183, 2185,
    2187, 2188, 2190, 2191, 2193, 2194, 2196, 2198, 2200, 2201, 2203, 2205,
    2206, 2208, 2210, 2212, 2213, 2215, 2217, 2218, 2220, 2221, 2223, 2225,
    2226, 2228, 2229, 2231, 2233, 2235, 2236, 2238, 2239, 2241, 2243, 2245,
    2247, 2249, 2251, 2252, 2254, 2255, 2257, 2258, 2260, 2261, 2263, 2264,
    2266, 2268, 2269, 2271, 2272, 2274, 2275, 2277, 2279, 2281, 2282, 2284,
    2286, 2287, 2289, 2290, 2292, 2294, 2296, 2298, 2300, 2302, 2304, 2306,
    2308, 2310, 2312, 2314, 2316, 2317, 2319, 2320, 2322, 2323, 2325, 2326,
    2328, 2329, 2331, 2332, 2334, 2336, 2337, 2339, 2340, 2342, 2343, 2345,
    2347, 2348, 2350, 2351, 2353, 2355, 2356, 2358, 2359, 2361, 2363, 2364,
    2366, 2367, 2369, 2371, 2373, 2375, 2377, 2378, 2380, 2381, 2383, 2385,
    2386, 2388, 2389, 2391, 2392

 Data from log without imprecise labels

 IM without noise threshold:
token_fitness
{"perc_fit_traces": 100.0, "average_trace_fitness": 1.0, "log_fitness": 1.0, "percentage_of_fitting_traces": 100.0}
precision
0.6921253949775487
0.6901408450704225
generalization
0.9539290939462526

 Original Labels:
['B', 'M', 'R', 'N']

 Ground truth clustering clustering:
Clustering with 2393 elements and 4 clusters
[0] 0, 2, 5, 7, 10, 12, 14, 16, 19, 21, 24, 27, 29, 32, 34, 36, 38, 40, 42,
    44, 46, 49, 52, 55, 57, 59, 62, 64, 67, 70, 72, 74, 76, 78, 81, 84, 86,
    88, 91, 93, 96, 98, 101, 103, 105, 108, 110, 112, 115, 117, 119, 122, 125,
    127, 130, 133, 136, 138, 140, 143, 145, 147, 150, 153, 155, 157, 159, 161,
    164, 166, 168, 170, 172, 174, 176, 179, 181, 184, 187, 189, 191, 194, 196,
    198, 200, 202, 205, 207, 209, 211, 213, 215, 217, 220, 223, 225, 227, 229,
    231, 234, 236, 238, 241, 243, 246, 249, 251, 253, 255, 258, 260, 262, 265,
    268, 270, 272, 274, 276, 278, 280, 283, 285, 288, 290, 293, 295, 297, 299,
    302, 304, 307, 310, 312, 315, 317, 319, 321, 323, 326, 328, 330, 332, 335,
    338, 340, 342, 344, 346, 348, 351, 353, 356, 358, 361, 364, 367, 370, 372,
    375, 378, 380, 383, 386, 389, 391, 394, 396, 398, 401, 404, 406, 409, 412,
    414, 417, 420, 422, 425, 427, 430, 432, 434, 436, 439, 442, 444, 446, 449,
    451, 454, 457, 459, 462, 465, 468, 471, 474, 476, 479, 481, 483, 486, 488,
    491, 494, 497, 499, 502, 505, 508, 511, 514, 517, 520, 523, 525, 528, 530,
    533, 535, 538, 540, 542, 544, 547, 549, 552, 555, 557, 560, 563, 565, 568,
    570, 573, 575, 578, 581, 583, 586, 588, 590, 593, 595, 597, 600, 603, 606,
    608, 610, 613, 616, 619, 622, 625, 628, 631, 634, 636, 638, 640, 643, 645,
    648, 650, 653, 655, 657, 659, 662, 664, 666, 669, 671, 674, 676, 678, 681,
    683, 685, 687, 690, 693, 696, 698, 700, 703, 705, 708, 710, 712, 714, 716,
    719, 722, 724, 727, 729, 731, 734, 736, 738, 740, 742, 744, 747, 750, 753,
    755, 758, 760, 763, 766, 768, 770, 773, 776, 779, 782, 785, 788, 791, 793,
    796, 799, 802, 805, 808, 811, 813, 815, 817, 819, 821, 823, 826, 829, 832,
    834, 837, 839, 842, 845, 847, 850, 853, 855, 857, 860, 863, 866, 869, 871,
    874, 876, 878, 880, 882, 885, 887, 889, 892, 894, 896, 899, 901, 903, 905,
    907, 910, 912, 914, 916, 918, 920, 923, 925, 928, 931, 934, 937, 939, 941,
    944, 947, 950, 952, 954, 956, 958, 960, 962, 964, 966, 968, 970, 972, 974,
    977, 979, 981, 984, 987, 990, 993, 995, 998, 1000, 1002, 1004, 1007, 1009,
    1011, 1013, 1016, 1018, 1021, 1023, 1026, 1029, 1032, 1035, 1038, 1041,
    1043, 1045, 1047, 1049, 1052, 1055, 1057, 1059, 1061, 1064, 1067, 1069,
    1071, 1074, 1076, 1078, 1080, 1083, 1085, 1088, 1090, 1092, 1094, 1096,
    1098, 1101, 1103, 1106, 1109, 1111, 1114, 1116, 1118, 1121, 1123, 1126,
    1129, 1132, 1135, 1138, 1141, 1143, 1146, 1148, 1150, 1153, 1155, 1157,
    1159, 1161, 1164, 1166, 1168, 1170, 1173, 1176, 1179, 1182, 1184, 1187,
    1189, 1192, 1195, 1198, 1201, 1204, 1207, 1210, 1212, 1215, 1217, 1219,
    1221, 1223, 1225, 1228, 1230, 1232, 1235, 1238, 1240, 1242, 1244, 1246,
    1249, 1251, 1254, 1256, 1258, 1260, 1262, 1264, 1266, 1268, 1271, 1273,
    1275, 1277, 1280, 1283, 1286, 1289, 1292, 1294, 1296, 1298, 1301, 1303,
    1306, 1308, 1310, 1312, 1314, 1317, 1320, 1322, 1324, 1326, 1328, 1331,
    1333, 1336, 1338, 1341, 1344, 1346, 1348, 1351, 1353, 1356, 1358, 1361,
    1364, 1367, 1370, 1372, 1375, 1378, 1381, 1384, 1386, 1388, 1391, 1394,
    1396, 1399, 1402, 1404, 1407, 1410, 1412, 1415, 1418, 1421, 1423, 1425,
    1427, 1429, 1431, 1433, 1436, 1438, 1441, 1444, 1447, 1450, 1453, 1455,
    1457, 1459, 1462, 1465, 1468, 1471, 1473, 1475, 1478, 1481, 1484, 1486,
    1488, 1491, 1494, 1497, 1499, 1502, 1505, 1507, 1509, 1511, 1513, 1516,
    1518, 1520, 1523, 1526, 1528, 1530, 1532, 1534, 1536, 1538, 1540, 1542,
    1544, 1546, 1549, 1552, 1555, 1558, 1561, 1564, 1566, 1568, 1570, 1572,
    1574, 1577, 1579, 1581, 1583, 1585, 1588, 1590, 1592, 1594, 1597, 1600,
    1602, 1604, 1606, 1609, 1612, 1614, 1616, 1618, 1621, 1624, 1627, 1630,
    1633, 1636, 1638, 1640, 1642, 1644, 1647, 1649, 1652, 1655, 1657, 1660,
    1662, 1664, 1667, 1669, 1671, 1674, 1677, 1680, 1682, 1685, 1687, 1689,
    1691, 1693, 1695, 1698, 1701, 1703, 1706, 1708, 1711, 1714, 1716, 1719,
    1722, 1725, 1728, 1730, 1732, 1734, 1737, 1740, 1743, 1746, 1749, 1752,
    1754, 1757, 1759, 1761, 1763, 1766, 1768, 1771, 1774, 1776, 1779, 1782,
    1784, 1786, 1789, 1792, 1795, 1798, 1801, 1804, 1807, 1810, 1812, 1814,
    1816, 1818, 1820, 1823, 1825, 1827, 1830, 1833, 1836, 1839, 1841, 1844,
    1846, 1848, 1851, 1853, 1856, 1859, 1862, 1865, 1868, 1871, 1873, 1876,
    1878, 1881, 1884, 1886, 1888, 1890, 1892, 1894, 1896, 1898, 1901, 1904,
    1907, 1910, 1912, 1914, 1917, 1919, 1922, 1925, 1927, 1930, 1932, 1934,
    1936, 1939, 1941, 1944, 1947, 1950, 1953, 1956, 1958, 1960, 1963, 1965,
    1967, 1970, 1972, 1975, 1977, 1980, 1983, 1985, 1987, 1990, 1992, 1994,
    1997, 1999, 2001, 2004, 2006, 2008, 2010, 2013, 2016, 2018, 2020, 2022,
    2025, 2027, 2030, 2032, 2035, 2038, 2040, 2043, 2045, 2047, 2049, 2052,
    2055, 2057, 2060, 2062, 2064, 2066, 2068, 2070, 2073, 2076, 2078, 2080,
    2083, 2086, 2088, 2090, 2093, 2095, 2097, 2099, 2102, 2105, 2108, 2111,
    2114, 2117, 2120, 2123, 2125, 2127, 2130, 2133, 2136, 2139, 2141, 2143,
    2146, 2149, 2151, 2154, 2157, 2160, 2163, 2166, 2169, 2172, 2175, 2177,
    2180, 2182, 2184, 2186, 2189, 2192, 2195, 2197, 2199, 2202, 2204, 2207,
    2209, 2211, 2214, 2216, 2219, 2222, 2224, 2227, 2230, 2232, 2234, 2237,
    2240, 2242, 2244, 2246, 2248, 2250, 2253, 2256, 2259, 2262, 2265, 2267,
    2270, 2273, 2276, 2278, 2280, 2283, 2285, 2288, 2291, 2293, 2295, 2297,
    2299, 2301, 2303, 2305, 2307, 2309, 2311, 2313, 2315, 2318, 2321, 2324,
    2327, 2330, 2333, 2335, 2338, 2341, 2344, 2346, 2349, 2352, 2354, 2357,
    2360, 2362, 2365, 2368, 2370, 2372, 2374, 2376, 2379, 2382, 2384, 2387,
    2390
[1] 3, 8, 17, 22, 26, 30, 54, 61, 79, 89, 94, 99, 121, 124, 129, 135, 142,
    149, 177, 182, 185, 193, 204, 222, 245, 282, 286, 291, 308, 325, 333, 362,
    369, 374, 376, 385, 387, 393, 408, 418, 437, 453, 455, 460, 463, 469, 484,
    492, 496, 501, 504, 513, 515, 531, 550, 558, 561, 571, 577, 580, 584, 592,
    601, 620, 627, 629, 647, 651, 660, 672, 688, 694, 702, 717, 720, 732, 749,
    756, 762, 771, 781, 787, 827, 884, 922, 942, 945, 975, 985, 1025, 1028,
    1031, 1051, 1053, 1062, 1065, 1100, 1104, 1113, 1120, 1130, 1136, 1140,
    1145, 1151, 1171, 1177, 1180, 1199, 1202, 1214, 1227, 1237, 1282, 1285,
    1316, 1340, 1342, 1360, 1363, 1365, 1379, 1393, 1401, 1405, 1414, 1420,
    1439, 1442, 1446, 1461, 1467, 1470, 1501, 1548, 1550, 1554, 1556, 1562,
    1576, 1611, 1622, 1634, 1646, 1659, 1666, 1696, 1699, 1705, 1712, 1720,
    1726, 1744, 1750, 1756, 1765, 1770, 1772, 1794, 1796, 1809, 1821, 1828,
    1850, 1855, 1857, 1860, 1867, 1880, 1883, 1900, 1902, 1909, 1915, 1920,
    1923, 1929, 1938, 1943, 1945, 1948, 1961, 1973, 1989, 2015, 2024, 2029,
    2033, 2042, 2050, 2058, 2085, 2104, 2106, 2110, 2116, 2119, 2122, 2129,
    2132, 2144, 2147, 2156, 2158, 2161, 2170, 2174, 2187, 2190, 2201, 2212,
    2229, 2251, 2258, 2261, 2271, 2286, 2289, 2317, 2323, 2325, 2328, 2332,
    2337, 2340, 2355, 2367, 2377, 2381, 2385
[2] 1, 4, 6, 9, 11, 13, 15, 18, 20, 23, 25, 28, 31, 33, 35, 37, 39, 41, 43,
    45, 48, 51, 53, 56, 58, 60, 63, 65, 69, 71, 73, 75, 77, 80, 83, 85, 87,
    90, 92, 95, 97, 100, 102, 104, 107, 109, 111, 113, 116, 118, 120, 123,
    126, 128, 131, 134, 137, 139, 141, 144, 146, 148, 152, 154, 156, 158, 160,
    162, 165, 167, 169, 171, 173, 175, 178, 180, 183, 186, 188, 190, 192, 195,
    197, 199, 201, 203, 206, 208, 210, 212, 214, 216, 219, 221, 224, 226, 228,
    230, 233, 235, 237, 239, 242, 244, 247, 250, 252, 254, 256, 259, 261, 263,
    267, 269, 271, 273, 275, 277, 279, 281, 284, 287, 289, 292, 294, 296, 298,
    301, 303, 305, 309, 311, 313, 316, 318, 320, 322, 324, 327, 329, 331, 334,
    337, 339, 341, 343, 345, 347, 349, 352, 355, 357, 360, 363, 366, 368, 371,
    373, 377, 379, 381, 384, 388, 390, 392, 395, 397, 399, 402, 405, 407, 411,
    413, 416, 419, 421, 423, 426, 429, 431, 433, 435, 438, 441, 443, 445, 447,
    450, 452, 456, 458, 461, 464, 466, 470, 472, 475, 478, 480, 482, 485, 487,
    489, 493, 495, 498, 500, 503, 506, 510, 512, 516, 519, 521, 524, 526, 529,
    532, 534, 537, 539, 541, 543, 546, 548, 551, 554, 556, 559, 562, 564, 567,
    569, 572, 574, 576, 579, 582, 585, 587, 589, 591, 594, 596, 598, 602, 605,
    607, 609, 612, 614, 618, 621, 623, 626, 630, 632, 635, 637, 639, 642, 644,
    646, 649, 652, 654, 656, 658, 661, 663, 665, 667, 670, 673, 675, 677, 679,
    682, 684, 686, 689, 692, 695, 697, 699, 701, 704, 706, 709, 711, 713, 715,
    718, 721, 723, 726, 728, 730, 733, 735, 737, 739, 741, 743, 746, 748, 751,
    754, 757, 759, 761, 765, 767, 769, 772, 774, 778, 780, 784, 786, 790, 792,
    795, 798, 800, 804, 807, 809, 812, 814, 816, 818, 820, 822, 825, 828, 830,
    833, 836, 838, 841, 843, 846, 849, 851, 854, 856, 859, 862, 864, 867, 870,
    872, 875, 877, 879, 881, 883, 886, 888, 891, 893, 895, 898, 900, 902, 904,
    906, 909, 911, 913, 915, 917, 919, 921, 924, 927, 929, 932, 935, 938, 940,
    943, 946, 948, 951, 953, 955, 957, 959, 961, 963, 965, 967, 969, 971, 973,
    976, 978, 980, 983, 986, 988, 991, 994, 996, 999, 1001, 1003, 1006, 1008,
    1010, 1012, 1015, 1017, 1020, 1022, 1024, 1027, 1030, 1033, 1037, 1040,
    1042, 1044, 1046, 1048, 1050, 1054, 1056, 1058, 1060, 1063, 1066, 1068,
    1070, 1072, 1075, 1077, 1079, 1082, 1084, 1086, 1089, 1091, 1093, 1095,
    1097, 1099, 1102, 1105, 1108, 1110, 1112, 1115, 1117, 1119, 1122, 1124,
    1128, 1131, 1134, 1137, 1139, 1142, 1144, 1147, 1149, 1152, 1154, 1156,
    1158, 1160, 1162, 1165, 1167, 1169, 1172, 1175, 1178, 1181, 1183, 1185,
    1188, 1191, 1193, 1197, 1200, 1203, 1206, 1209, 1211, 1213, 1216, 1218,
    1220, 1222, 1224, 1226, 1229, 1231, 1233, 1236, 1239, 1241, 1243, 1245,
    1247, 1250, 1253, 1255, 1257, 1259, 1261, 1263, 1265, 1267, 1270, 1272,
    1274, 1276, 1279, 1281, 1284, 1287, 1291, 1293, 1295, 1297, 1299, 1302,
    1305, 1307, 1309, 1311, 1313, 1315, 1318, 1321, 1323, 1325, 1327, 1329,
    1332, 1335, 1337, 1339, 1343, 1345, 1347, 1349, 1352, 1354, 1357, 1359,
    1362, 1366, 1369, 1371, 1374, 1376, 1380, 1383, 1385, 1387, 1390, 1392,
    1395, 1397, 1400, 1403, 1406, 1409, 1411, 1413, 1417, 1419, 1422, 1424,
    1426, 1428, 1430, 1432, 1434, 1437, 1440, 1443, 1445, 1449, 1452, 1454,
    1456, 1458, 1460, 1463, 1466, 1469, 1472, 1474, 1477, 1480, 1482, 1485,
    1487, 1490, 1492, 1496, 1498, 1500, 1504, 1506, 1508, 1510, 1512, 1514,
    1517, 1519, 1521, 1525, 1527, 1529, 1531, 1533, 1535, 1537, 1539, 1541,
    1543, 1545, 1547, 1551, 1553, 1557, 1560, 1563, 1565, 1567, 1569, 1571,
    1573, 1575, 1578, 1580, 1582, 1584, 1586, 1589, 1591, 1593, 1596, 1598,
    1601, 1603, 1605, 1608, 1610, 1613, 1615, 1617, 1619, 1623, 1625, 1628,
    1631, 1635, 1637, 1639, 1641, 1643, 1645, 1648, 1651, 1654, 1656, 1658,
    1661, 1663, 1665, 1668, 1670, 1673, 1675, 1678, 1681, 1683, 1686, 1688,
    1690, 1692, 1694, 1697, 1700, 1702, 1704, 1707, 1709, 1713, 1715, 1717,
    1721, 1723, 1727, 1729, 1731, 1733, 1735, 1738, 1742, 1745, 1747, 1751,
    1753, 1755, 1758, 1760, 1762, 1764, 1767, 1769, 1773, 1775, 1778, 1781,
    1783, 1785, 1788, 1791, 1793, 1797, 1800, 1803, 1806, 1808, 1811, 1813,
    1815, 1817, 1819, 1822, 1824, 1826, 1829, 1832, 1834, 1838, 1840, 1842,
    1845, 1847, 1849, 1852, 1854, 1858, 1861, 1864, 1866, 1869, 1872, 1875,
    1877, 1879, 1882, 1885, 1887, 1889, 1891, 1893, 1895, 1897, 1899, 1903,
    1905, 1908, 1911, 1913, 1916, 1918, 1921, 1924, 1926, 1928, 1931, 1933,
    1935, 1937, 1940, 1942, 1946, 1949, 1951, 1955, 1957, 1959, 1962, 1964,
    1966, 1969, 1971, 1974, 1976, 1979, 1981, 1984, 1986, 1988, 1991, 1993,
    1995, 1998, 2000, 2002, 2005, 2007, 2009, 2012, 2014, 2017, 2019, 2021,
    2023, 2026, 2028, 2031, 2034, 2037, 2039, 2041, 2044, 2046, 2048, 2051,
    2054, 2056, 2059, 2061, 2063, 2065, 2067, 2069, 2071, 2074, 2077, 2079,
    2081, 2084, 2087, 2089, 2091, 2094, 2096, 2098, 2100, 2103, 2107, 2109,
    2112, 2115, 2118, 2121, 2124, 2126, 2128, 2131, 2134, 2137, 2140, 2142,
    2145, 2148, 2150, 2152, 2155, 2159, 2162, 2164, 2167, 2171, 2173, 2176,
    2178, 2181, 2183, 2185, 2188, 2191, 2193, 2196, 2198, 2200, 2203, 2205,
    2208, 2210, 2213, 2215, 2217, 2221, 2223, 2226, 2228, 2231, 2233, 2236,
    2238, 2241, 2243, 2245, 2247, 2249, 2252, 2255, 2257, 2260, 2263, 2266,
    2268, 2272, 2274, 2277, 2279, 2282, 2284, 2287, 2290, 2292, 2294, 2296,
    2298, 2300, 2302, 2304, 2306, 2308, 2310, 2312, 2314, 2316, 2319, 2322,
    2326, 2329, 2331, 2334, 2336, 2339, 2343, 2345, 2347, 2350, 2353, 2356,
    2358, 2361, 2364, 2366, 2369, 2371, 2373, 2375, 2378, 2380, 2383, 2386,
    2388, 2391
[3] 47, 50, 66, 68, 82, 106, 114, 132, 151, 163, 218, 232, 240, 248, 257, 264,
    266, 300, 306, 314, 336, 350, 354, 359, 365, 382, 400, 403, 410, 415, 424,
    428, 440, 448, 467, 473, 477, 490, 507, 509, 518, 522, 527, 536, 545, 553,
    566, 599, 604, 611, 615, 617, 624, 633, 641, 668, 680, 691, 707, 725, 745,
    752, 764, 775, 777, 783, 789, 794, 797, 801, 803, 806, 810, 824, 831, 835,
    840, 844, 848, 852, 858, 861, 865, 868, 873, 890, 897, 908, 926, 930, 933,
    936, 949, 982, 989, 992, 997, 1005, 1014, 1019, 1034, 1036, 1039, 1073,
    1081, 1087, 1107, 1125, 1127, 1133, 1163, 1174, 1186, 1190, 1194, 1196,
    1205, 1208, 1234, 1248, 1252, 1269, 1278, 1288, 1290, 1300, 1304, 1319,
    1330, 1334, 1350, 1355, 1368, 1373, 1377, 1382, 1389, 1398, 1408, 1416,
    1435, 1448, 1451, 1464, 1476, 1479, 1483, 1489, 1493, 1495, 1503, 1515,
    1522, 1524, 1559, 1587, 1595, 1599, 1607, 1620, 1626, 1629, 1632, 1650,
    1653, 1672, 1676, 1679, 1684, 1710, 1718, 1724, 1736, 1739, 1741, 1748,
    1777, 1780, 1787, 1790, 1799, 1802, 1805, 1831, 1835, 1837, 1843, 1863,
    1870, 1874, 1906, 1952, 1954, 1968, 1978, 1982, 1996, 2003, 2011, 2036,
    2053, 2072, 2075, 2082, 2092, 2101, 2113, 2135, 2138, 2153, 2165, 2168,
    2179, 2194, 2206, 2218, 2220, 2225, 2235, 2239, 2254, 2264, 2269, 2275,
    2281, 2320, 2342, 2348, 2351, 2359, 2363, 2389, 2392

 Xixi Adjusted Rand Index:
0.6499205106886893

 Performance of golden standard model:
token_fitness
{"perc_fit_traces": 81.8, "average_trace_fitness": 0.9678838202045653, "log_fitness": 0.9706640128590323, "percentage_of_fitting_traces": 81.8}
precision
0.765917877942544
0.6901408450704225
generalization
0.9542608508431337

 Xixi split labels:
['B_X_1', 'B_X_2', 'B_X_0']

 Xixi refined log results:

 IM without noise threshold:
token_fitness
{"perc_fit_traces": 100.0, "average_trace_fitness": 1.0, "log_fitness": 1.0, "percentage_of_fitting_traces": 100.0}
precision
0.7259651434933764
0.6901408450704225
generalization
0.9556528852397608

 Xixi clustering:
Clustering with 2393 elements and 3 clusters

[1] 0, 2, 5, 7, 10, 12, 14, 16, 19, 21, 24, 27, 29, 32, 34, 36, 38, 40, 42,
    44, 46, 49, 52, 55, 57, 59, 62, 64, 67, 70, 72, 74, 76, 78, 81, 84, 86,
    88, 91, 93, 96, 98, 101, 103, 105, 108, 110, 112, 115, 117, 119, 122, 125,
    127, 130, 133, 136, 138, 140, 143, 145, 147, 150, 153, 155, 157, 159, 161,
    164, 166, 168, 170, 172, 174, 176, 179, 181, 184, 187, 189, 191, 194, 196,
    198, 200, 202, 205, 207, 209, 211, 213, 215, 217, 220, 223, 225, 227, 229,
    231, 234, 236, 238, 241, 243, 246, 249, 251, 253, 255, 258, 260, 262, 265,
    268, 270, 272, 274, 276, 278, 280, 283, 285, 288, 290, 293, 295, 297, 299,
    302, 304, 307, 310, 312, 315, 317, 319, 321, 323, 326, 328, 330, 332, 335,
    338, 340, 342, 344, 346, 348, 351, 353, 356, 358, 361, 364, 367, 370, 372,
    375, 378, 380, 383, 386, 389, 391, 394, 396, 398, 401, 404, 406, 409, 412,
    414, 417, 420, 422, 425, 427, 430, 432, 434, 436, 439, 442, 444, 446, 449,
    451, 454, 457, 459, 462, 465, 468, 471, 474, 476, 479, 481, 483, 486, 488,
    491, 494, 497, 499, 502, 505, 508, 511, 514, 517, 520, 523, 525, 528, 530,
    533, 535, 538, 540, 542, 544, 547, 549, 552, 555, 557, 560, 563, 565, 568,
    570, 573, 575, 578, 581, 583, 586, 588, 590, 593, 595, 597, 600, 603, 606,
    608, 610, 613, 616, 619, 622, 625, 628, 631, 634, 636, 638, 640, 643, 645,
    648, 650, 653, 655, 657, 659, 662, 664, 666, 669, 671, 674, 676, 678, 681,
    683, 685, 687, 690, 693, 696, 698, 700, 703, 705, 708, 710, 712, 714, 716,
    719, 722, 724, 727, 729, 731, 734, 736, 738, 740, 742, 744, 747, 750, 753,
    755, 758, 760, 763, 766, 768, 770, 773, 776, 779, 782, 785, 788, 791, 793,
    796, 799, 802, 805, 808, 811, 813, 815, 817, 819, 821, 823, 826, 829, 832,
    834, 837, 839, 842, 845, 847, 850, 853, 855, 857, 860, 863, 866, 869, 871,
    874, 876, 878, 880, 882, 885, 887, 889, 892, 894, 896, 899, 901, 903, 905,
    907, 910, 912, 914, 916, 918, 920, 923, 925, 928, 931, 934, 937, 939, 941,
    944, 947, 950, 952, 954, 956, 958, 960, 962, 964, 966, 968, 970, 972, 974,
    977, 979, 981, 984, 987, 990, 993, 995, 998, 1000, 1002, 1004, 1007, 1009,
    1011, 1013, 1016, 1018, 1021, 1023, 1026, 1029, 1032, 1035, 1038, 1041,
    1043, 1045, 1047, 1049, 1052, 1055, 1057, 1059, 1061, 1064, 1067, 1069,
    1071, 1074, 1076, 1078, 1080, 1083, 1085, 1088, 1090, 1092, 1094, 1096,
    1098, 1101, 1103, 1106, 1109, 1111, 1114, 1116, 1118, 1121, 1123, 1126,
    1129, 1132, 1135, 1138, 1141, 1143, 1146, 1148, 1150, 1153, 1155, 1157,
    1159, 1161, 1164, 1166, 1168, 1170, 1173, 1176, 1179, 1182, 1184, 1187,
    1189, 1192, 1195, 1198, 1201, 1204, 1207, 1210, 1212, 1215, 1217, 1219,
    1221, 1223, 1225, 1228, 1230, 1232, 1235, 1238, 1240, 1242, 1244, 1246,
    1249, 1251, 1254, 1256, 1258, 1260, 1262, 1264, 1266, 1268, 1271, 1273,
    1275, 1277, 1280, 1283, 1286, 1289, 1292, 1294, 1296, 1298, 1301, 1303,
    1306, 1308, 1310, 1312, 1314, 1317, 1320, 1322, 1324, 1326, 1328, 1331,
    1333, 1336, 1338, 1341, 1344, 1346, 1348, 1351, 1353, 1356, 1358, 1361,
    1364, 1367, 1370, 1372, 1375, 1378, 1381, 1384, 1386, 1388, 1391, 1394,
    1396, 1399, 1402, 1404, 1407, 1410, 1412, 1415, 1418, 1421, 1423, 1425,
    1427, 1429, 1431, 1433, 1436, 1438, 1441, 1444, 1447, 1450, 1453, 1455,
    1457, 1459, 1462, 1465, 1468, 1471, 1473, 1475, 1478, 1481, 1484, 1486,
    1488, 1491, 1494, 1497, 1499, 1502, 1505, 1507, 1509, 1511, 1513, 1516,
    1518, 1520, 1523, 1526, 1528, 1530, 1532, 1534, 1536, 1538, 1540, 1542,
    1544, 1546, 1549, 1552, 1555, 1558, 1561, 1564, 1566, 1568, 1570, 1572,
    1574, 1577, 1579, 1581, 1583, 1585, 1588, 1590, 1592, 1594, 1597, 1600,
    1602, 1604, 1606, 1609, 1612, 1614, 1616, 1618, 1621, 1624, 1627, 1630,
    1633, 1636, 1638, 1640, 1642, 1644, 1647, 1649, 1652, 1655, 1657, 1660,
    1662, 1664, 1667, 1669, 1671, 1674, 1677, 1680, 1682, 1685, 1687, 1689,
    1691, 1693, 1695, 1698, 1701, 1703, 1706, 1708, 1711, 1714, 1716, 1719,
    1722, 1725, 1728, 1730, 1732, 1734, 1737, 1740, 1743, 1746, 1749, 1752,
    1754, 1757, 1759, 1761, 1763, 1766, 1768, 1771, 1774, 1776, 1779, 1782,
    1784, 1786, 1789, 1792, 1795, 1798, 1801, 1804, 1807, 1810, 1812, 1814,
    1816, 1818, 1820, 1823, 1825, 1827, 1830, 1833, 1836, 1839, 1841, 1844,
    1846, 1848, 1851, 1853, 1856, 1859, 1862, 1865, 1868, 1871, 1873, 1876,
    1878, 1881, 1884, 1886, 1888, 1890, 1892, 1894, 1896, 1898, 1901, 1904,
    1907, 1910, 1912, 1914, 1917, 1919, 1922, 1925, 1927, 1930, 1932, 1934,
    1936, 1939, 1941, 1944, 1947, 1950, 1953, 1956, 1958, 1960, 1963, 1965,
    1967, 1970, 1972, 1975, 1977, 1980, 1983, 1985, 1987, 1990, 1992, 1994,
    1997, 1999, 2001, 2004, 2006, 2008, 2010, 2013, 2016, 2018, 2020, 2022,
    2025, 2027, 2030, 2032, 2035, 2038, 2040, 2043, 2045, 2047, 2049, 2052,
    2055, 2057, 2060, 2062, 2064, 2066, 2068, 2070, 2073, 2076, 2078, 2080,
    2083, 2086, 2088, 2090, 2093, 2095, 2097, 2099, 2102, 2105, 2108, 2111,
    2114, 2117, 2120, 2123, 2125, 2127, 2130, 2133, 2136, 2139, 2141, 2143,
    2146, 2149, 2151, 2154, 2157, 2160, 2163, 2166, 2169, 2172, 2175, 2177,
    2180, 2182, 2184, 2186, 2189, 2192, 2195, 2197, 2199, 2202, 2204, 2207,
    2209, 2211, 2214, 2216, 2219, 2222, 2224, 2227, 2230, 2232, 2234, 2237,
    2240, 2242, 2244, 2246, 2248, 2250, 2253, 2256, 2259, 2262, 2265, 2267,
    2270, 2273, 2276, 2278, 2280, 2283, 2285, 2288, 2291, 2293, 2295, 2297,
    2299, 2301, 2303, 2305, 2307, 2309, 2311, 2313, 2315, 2318, 2321, 2324,
    2327, 2330, 2333, 2335, 2338, 2341, 2344, 2346, 2349, 2352, 2354, 2357,
    2360, 2362, 2365, 2368, 2370, 2372, 2374, 2376, 2379, 2382, 2384, 2387,
    2390
[2] 1, 3, 4, 6, 8, 9, 11, 13, 15, 17, 18, 20, 22, 23, 25, 26, 28, 30, 31, 33,
    35, 37, 39, 41, 43, 45, 47, 48, 50, 51, 53, 54, 56, 58, 60, 61, 63, 65,
    66, 68, 69, 71, 73, 75, 77, 79, 80, 82, 83, 85, 87, 89, 90, 92, 94, 95,
    97, 99, 100, 102, 104, 106, 107, 109, 111, 113, 114, 116, 118, 120, 121,
    123, 124, 126, 128, 129, 131, 132, 134, 135, 137, 139, 141, 142, 144, 146,
    148, 149, 151, 152, 154, 156, 158, 160, 162, 163, 165, 167, 169, 171, 173,
    175, 177, 178, 180, 182, 183, 185, 186, 188, 190, 192, 193, 195, 197, 199,
    201, 203, 204, 206, 208, 210, 212, 214, 216, 218, 219, 221, 222, 224, 226,
    228, 230, 232, 233, 235, 237, 239, 240, 242, 244, 245, 247, 248, 250, 252,
    254, 256, 257, 259, 261, 263, 264, 266, 267, 269, 271, 273, 275, 277, 279,
    281, 282, 284, 286, 287, 289, 291, 292, 294, 296, 298, 300, 301, 303, 305,
    306, 308, 309, 311, 313, 314, 316, 318, 320, 322, 324, 325, 327, 329, 331,
    333, 334, 336, 337, 339, 341, 343, 345, 347, 349, 350, 352, 354, 355, 357,
    359, 360, 362, 363, 365, 366, 368, 369, 371, 373, 374, 376, 377, 379, 381,
    382, 384, 385, 387, 388, 390, 392, 393, 395, 397, 399, 400, 402, 403, 405,
    407, 408, 410, 411, 413, 415, 416, 418, 419, 421, 423, 424, 426, 428, 429,
    431, 433, 435, 437, 438, 440, 441, 443, 445, 447, 448, 450, 452, 453, 455,
    456, 458, 460, 461, 463, 464, 466, 467, 469, 470, 472, 473, 475, 477, 478,
    480, 482, 484, 485, 487, 489, 490, 492, 493, 495, 496, 498, 500, 501, 503,
    504, 506, 507, 509, 510, 512, 513, 515, 516, 518, 519, 521, 522, 524, 526,
    527, 529, 531, 532, 534, 536, 537, 539, 541, 543, 545, 546, 548, 550, 551,
    553, 554, 556, 558, 559, 561, 562, 564, 566, 567, 569, 571, 572, 574, 576,
    577, 579, 580, 582, 584, 585, 587, 589, 591, 592, 594, 596, 598, 599, 601,
    602, 604, 605, 607, 609, 611, 612, 614, 615, 617, 618, 620, 621, 623, 624,
    626, 627, 629, 630, 632, 633, 635, 637, 639, 641, 642, 644, 646, 647, 649,
    651, 652, 654, 656, 658, 660, 661, 663, 665, 667, 668, 670, 672, 673, 675,
    677, 679, 680, 682, 684, 686, 688, 689, 691, 692, 694, 695, 697, 699, 701,
    702, 704, 706, 707, 709, 711, 713, 715, 717, 718, 720, 721, 723, 725, 726,
    728, 730, 732, 733, 735, 737, 739, 741, 743, 745, 746, 748, 749, 751, 752,
    754, 756, 757, 759, 761, 762, 764, 765, 767, 769, 771, 772, 774, 775, 777,
    778, 780, 781, 783, 784, 786, 787, 789, 790, 792, 794, 795, 797, 798, 800,
    801, 803, 804, 806, 807, 809, 810, 812, 814, 816, 818, 820, 822, 824, 825,
    827, 828, 830, 831, 833, 835, 836, 838, 840, 841, 843, 844, 846, 848, 849,
    851, 852, 854, 856, 858, 859, 861, 862, 864, 865, 867, 868, 870, 872, 873,
    875, 877, 879, 881, 883, 884, 886, 888, 890, 891, 893, 895, 897, 898, 900,
    902, 904, 906, 908, 909, 911, 913, 915, 917, 919, 921, 922, 924, 926, 927,
    929, 930, 932, 933, 935, 936, 938, 940, 942, 943, 945, 946, 948, 949, 951,
    953, 955, 957, 959, 961, 963, 965, 967, 969, 971, 973, 975, 976, 978, 980,
    982, 983, 985, 986, 988, 989, 991, 992, 994, 996, 997, 999, 1001, 1003,
    1005, 1006, 1008, 1010, 1012, 1014, 1015, 1017, 1019, 1020, 1022, 1024,
    1025, 1027, 1028, 1030, 1031, 1033, 1034, 1036, 1037, 1039, 1040, 1042,
    1044, 1046, 1048, 1050, 1051, 1053, 1054, 1056, 1058, 1060, 1062, 1063,
    1065, 1066, 1068, 1070, 1072, 1073, 1075, 1077, 1079, 1081, 1082, 1084,
    1086, 1087, 1089, 1091, 1093, 1095, 1097, 1099, 1100, 1102, 1104, 1105,
    1107, 1108, 1110, 1112, 1113, 1115, 1117, 1119, 1120, 1122, 1124, 1125,
    1127, 1128, 1130, 1131, 1133, 1134, 1136, 1137, 1139, 1140, 1142, 1144,
    1145, 1147, 1149, 1151, 1152, 1154, 1156, 1158, 1160, 1162, 1163, 1165,
    1167, 1169, 1171, 1172, 1174, 1175, 1177, 1178, 1180, 1181, 1183, 1185,
    1186, 1188, 1190, 1191, 1193, 1194, 1196, 1197, 1199, 1200, 1202, 1203,
    1205, 1206, 1208, 1209, 1211, 1213, 1214, 1216, 1218, 1220, 1222, 1224,
    1226, 1227, 1229, 1231, 1233, 1234, 1236, 1237, 1239, 1241, 1243, 1245,
    1247, 1248, 1250, 1252, 1253, 1255, 1257, 1259, 1261, 1263, 1265, 1267,
    1269, 1270, 1272, 1274, 1276, 1278, 1279, 1281, 1282, 1284, 1285, 1287,
    1288, 1290, 1291, 1293, 1295, 1297, 1299, 1300, 1302, 1304, 1305, 1307,
    1309, 1311, 1313, 1315, 1316, 1318, 1319, 1321, 1323, 1325, 1327, 1329,
    1330, 1332, 1334, 1335, 1337, 1339, 1340, 1342, 1343, 1345, 1347, 1349,
    1350, 1352, 1354, 1355, 1357, 1359, 1360, 1362, 1363, 1365, 1366, 1368,
    1369, 1371, 1373, 1374, 1376, 1377, 1379, 1380, 1382, 1383, 1385, 1387,
    1389, 1390, 1392, 1393, 1395, 1397, 1398, 1400, 1401, 1403, 1405, 1406,
    1408, 1409, 1411, 1413, 1414, 1416, 1417, 1419, 1420, 1422, 1424, 1426,
    1428, 1430, 1432, 1434, 1435, 1437, 1439, 1440, 1442, 1443, 1445, 1446,
    1448, 1449, 1451, 1452, 1454, 1456, 1458, 1460, 1461, 1463, 1464, 1466,
    1467, 1469, 1470, 1472, 1474, 1476, 1477, 1479, 1480, 1482, 1483, 1485,
    1487, 1489, 1490, 1492, 1493, 1495, 1496, 1498, 1500, 1501, 1503, 1504,
    1506, 1508, 1510, 1512, 1514, 1515, 1517, 1519, 1521, 1522, 1524, 1525,
    1527, 1529, 1531, 1533, 1535, 1537, 1539, 1541, 1543, 1545, 1547, 1548,
    1550, 1551, 1553, 1554, 1556, 1557, 1559, 1560, 1562, 1563, 1565, 1567,
    1569, 1571, 1573, 1575, 1576, 1578, 1580, 1582, 1584, 1586, 1587, 1589,
    1591, 1593, 1595, 1596, 1598, 1599, 1601, 1603, 1605, 1607, 1608, 1610,
    1611, 1613, 1615, 1617, 1619, 1620, 1622, 1623, 1625, 1626, 1628, 1629,
    1631, 1632, 1634, 1635, 1637, 1639, 1641, 1643, 1645, 1646, 1648, 1650,
    1651, 1653, 1654, 1656, 1658, 1659, 1661, 1663, 1665, 1666, 1668, 1670,
    1672, 1673, 1675, 1676, 1678, 1679, 1681, 1683, 1684, 1686, 1688, 1690,
    1692, 1694, 1696, 1697, 1699, 1700, 1702, 1704, 1705, 1707, 1709, 1710,
    1712, 1713, 1715, 1717, 1718, 1720, 1721, 1723, 1724, 1726, 1727, 1729,
    1731, 1733, 1735, 1736, 1738, 1739, 1741, 1742, 1744, 1745, 1747, 1748,
    1750, 1751, 1753, 1755, 1756, 1758, 1760, 1762, 1764, 1765, 1767, 1769,
    1770, 1772, 1773, 1775, 1777, 1778, 1780, 1781, 1783, 1785, 1787, 1788,
    1790, 1791, 1793, 1794, 1796, 1797, 1799, 1800, 1802, 1803, 1805, 1806,
    1808, 1809, 1811, 1813, 1815, 1817, 1819, 1821, 1822, 1824, 1826, 1828,
    1829, 1831, 1832, 1834, 1835, 1837, 1838, 1840, 1842, 1843, 1845, 1847,
    1849, 1850, 1852, 1854, 1855, 1857, 1858, 1860, 1861, 1863, 1864, 1866,
    1867, 1869, 1870, 1872, 1874, 1875, 1877, 1879, 1880, 1882, 1883, 1885,
    1887, 1889, 1891, 1893, 1895, 1897, 1899, 1900, 1902, 1903, 1905, 1906,
    1908, 1909, 1911, 1913, 1915, 1916, 1918, 1920, 1921, 1923, 1924, 1926,
    1928, 1929, 1931, 1933, 1935, 1937, 1938, 1940, 1942, 1943, 1945, 1946,
    1948, 1949, 1951, 1952, 1954, 1955, 1957, 1959, 1961, 1962, 1964, 1966,
    1968, 1969, 1971, 1973, 1974, 1976, 1978, 1979, 1981, 1982, 1984, 1986,
    1988, 1989, 1991, 1993, 1995, 1996, 1998, 2000, 2002, 2003, 2005, 2007,
    2009, 2011, 2012, 2014, 2015, 2017, 2019, 2021, 2023, 2024, 2026, 2028,
    2029, 2031, 2033, 2034, 2036, 2037, 2039, 2041, 2042, 2044, 2046, 2048,
    2050, 2051, 2053, 2054, 2056, 2058, 2059, 2061, 2063, 2065, 2067, 2069,
    2071, 2072, 2074, 2075, 2077, 2079, 2081, 2082, 2084, 2085, 2087, 2089,
    2091, 2092, 2094, 2096, 2098, 2100, 2101, 2103, 2104, 2106, 2107, 2109,
    2110, 2112, 2113, 2115, 2116, 2118, 2119, 2121, 2122, 2124, 2126, 2128,
    2129, 2131, 2132, 2134, 2135, 2137, 2138, 2140, 2142, 2144, 2145, 2147,
    2148, 2150, 2152, 2153, 2155, 2156, 2158, 2159, 2161, 2162, 2164, 2165,
    2167, 2168, 2170, 2171, 2173, 2174, 2176, 2178, 2179, 2181, 2183, 2185,
    2187, 2188, 2190, 2191, 2193, 2194, 2196, 2198, 2200, 2201, 2203, 2205,
    2206, 2208, 2210, 2212, 2213, 2215, 2217, 2218, 2220, 2221, 2223, 2225,
    2226, 2228, 2229, 2231, 2233, 2235, 2236, 2238, 2239, 2241, 2243, 2245,
    2247, 2249, 2251, 2252, 2254, 2255, 2257, 2258, 2260, 2261, 2263, 2264,
    2266, 2268, 2269, 2271, 2272, 2274, 2275, 2277, 2279, 2281, 2282, 2284,
    2286, 2287, 2289, 2290, 2292, 2294, 2296, 2298, 2300, 2302, 2304, 2306,
    2308, 2310, 2312, 2314, 2316, 2317, 2319, 2320, 2322, 2323, 2325, 2326,
    2328, 2329, 2331, 2332, 2334, 2336, 2337, 2339, 2340, 2342, 2343, 2345,
    2347, 2348, 2350, 2351, 2353, 2355, 2356, 2358, 2359, 2361, 2363, 2364,
    2366, 2367, 2369, 2371, 2373, 2375, 2377, 2378, 2380, 2381, 2383, 2385,
    2386, 2388, 2389, 2391, 2392

 Data from log without imprecise labels

 IM without noise threshold:
token_fitness
{"perc_fit_traces": 100.0, "average_trace_fitness": 1.0, "log_fitness": 1.0, "percentage_of_fitting_traces": 100.0}
precision
0.6921253949775487
0.6901408450704225
generalization
0.9539290939462526

 Original Labels:
['B', 'M', 'N', 'R']

 Ground truth clustering clustering:
Clustering with 2393 elements and 4 clusters
[0] 0, 2, 5, 7, 10, 12, 14, 16, 19, 21, 24, 27, 29, 32, 34, 36, 38, 40, 42,
    44, 46, 49, 52, 55, 57, 59, 62, 64, 67, 70, 72, 74, 76, 78, 81, 84, 86,
    88, 91, 93, 96, 98, 101, 103, 105, 108, 110, 112, 115, 117, 119, 122, 125,
    127, 130, 133, 136, 138, 140, 143, 145, 147, 150, 153, 155, 157, 159, 161,
    164, 166, 168, 170, 172, 174, 176, 179, 181, 184, 187, 189, 191, 194, 196,
    198, 200, 202, 205, 207, 209, 211, 213, 215, 217, 220, 223, 225, 227, 229,
    231, 234, 236, 238, 241, 243, 246, 249, 251, 253, 255, 258, 260, 262, 265,
    268, 270, 272, 274, 276, 278, 280, 283, 285, 288, 290, 293, 295, 297, 299,
    302, 304, 307, 310, 312, 315, 317, 319, 321, 323, 326, 328, 330, 332, 335,
    338, 340, 342, 344, 346, 348, 351, 353, 356, 358, 361, 364, 367, 370, 372,
    375, 378, 380, 383, 386, 389, 391, 394, 396, 398, 401, 404, 406, 409, 412,
    414, 417, 420, 422, 425, 427, 430, 432, 434, 436, 439, 442, 444, 446, 449,
    451, 454, 457, 459, 462, 465, 468, 471, 474, 476, 479, 481, 483, 486, 488,
    491, 494, 497, 499, 502, 505, 508, 511, 514, 517, 520, 523, 525, 528, 530,
    533, 535, 538, 540, 542, 544, 547, 549, 552, 555, 557, 560, 563, 565, 568,
    570, 573, 575, 578, 581, 583, 586, 588, 590, 593, 595, 597, 600, 603, 606,
    608, 610, 613, 616, 619, 622, 625, 628, 631, 634, 636, 638, 640, 643, 645,
    648, 650, 653, 655, 657, 659, 662, 664, 666, 669, 671, 674, 676, 678, 681,
    683, 685, 687, 690, 693, 696, 698, 700, 703, 705, 708, 710, 712, 714, 716,
    719, 722, 724, 727, 729, 731, 734, 736, 738, 740, 742, 744, 747, 750, 753,
    755, 758, 760, 763, 766, 768, 770, 773, 776, 779, 782, 785, 788, 791, 793,
    796, 799, 802, 805, 808, 811, 813, 815, 817, 819, 821, 823, 826, 829, 832,
    834, 837, 839, 842, 845, 847, 850, 853, 855, 857, 860, 863, 866, 869, 871,
    874, 876, 878, 880, 882, 885, 887, 889, 892, 894, 896, 899, 901, 903, 905,
    907, 910, 912, 914, 916, 918, 920, 923, 925, 928, 931, 934, 937, 939, 941,
    944, 947, 950, 952, 954, 956, 958, 960, 962, 964, 966, 968, 970, 972, 974,
    977, 979, 981, 984, 987, 990, 993, 995, 998, 1000, 1002, 1004, 1007, 1009,
    1011, 1013, 1016, 1018, 1021, 1023, 1026, 1029, 1032, 1035, 1038, 1041,
    1043, 1045, 1047, 1049, 1052, 1055, 1057, 1059, 1061, 1064, 1067, 1069,
    1071, 1074, 1076, 1078, 1080, 1083, 1085, 1088, 1090, 1092, 1094, 1096,
    1098, 1101, 1103, 1106, 1109, 1111, 1114, 1116, 1118, 1121, 1123, 1126,
    1129, 1132, 1135, 1138, 1141, 1143, 1146, 1148, 1150, 1153, 1155, 1157,
    1159, 1161, 1164, 1166, 1168, 1170, 1173, 1176, 1179, 1182, 1184, 1187,
    1189, 1192, 1195, 1198, 1201, 1204, 1207, 1210, 1212, 1215, 1217, 1219,
    1221, 1223, 1225, 1228, 1230, 1232, 1235, 1238, 1240, 1242, 1244, 1246,
    1249, 1251, 1254, 1256, 1258, 1260, 1262, 1264, 1266, 1268, 1271, 1273,
    1275, 1277, 1280, 1283, 1286, 1289, 1292, 1294, 1296, 1298, 1301, 1303,
    1306, 1308, 1310, 1312, 1314, 1317, 1320, 1322, 1324, 1326, 1328, 1331,
    1333, 1336, 1338, 1341, 1344, 1346, 1348, 1351, 1353, 1356, 1358, 1361,
    1364, 1367, 1370, 1372, 1375, 1378, 1381, 1384, 1386, 1388, 1391, 1394,
    1396, 1399, 1402, 1404, 1407, 1410, 1412, 1415, 1418, 1421, 1423, 1425,
    1427, 1429, 1431, 1433, 1436, 1438, 1441, 1444, 1447, 1450, 1453, 1455,
    1457, 1459, 1462, 1465, 1468, 1471, 1473, 1475, 1478, 1481, 1484, 1486,
    1488, 1491, 1494, 1497, 1499, 1502, 1505, 1507, 1509, 1511, 1513, 1516,
    1518, 1520, 1523, 1526, 1528, 1530, 1532, 1534, 1536, 1538, 1540, 1542,
    1544, 1546, 1549, 1552, 1555, 1558, 1561, 1564, 1566, 1568, 1570, 1572,
    1574, 1577, 1579, 1581, 1583, 1585, 1588, 1590, 1592, 1594, 1597, 1600,
    1602, 1604, 1606, 1609, 1612, 1614, 1616, 1618, 1621, 1624, 1627, 1630,
    1633, 1636, 1638, 1640, 1642, 1644, 1647, 1649, 1652, 1655, 1657, 1660,
    1662, 1664, 1667, 1669, 1671, 1674, 1677, 1680, 1682, 1685, 1687, 1689,
    1691, 1693, 1695, 1698, 1701, 1703, 1706, 1708, 1711, 1714, 1716, 1719,
    1722, 1725, 1728, 1730, 1732, 1734, 1737, 1740, 1743, 1746, 1749, 1752,
    1754, 1757, 1759, 1761, 1763, 1766, 1768, 1771, 1774, 1776, 1779, 1782,
    1784, 1786, 1789, 1792, 1795, 1798, 1801, 1804, 1807, 1810, 1812, 1814,
    1816, 1818, 1820, 1823, 1825, 1827, 1830, 1833, 1836, 1839, 1841, 1844,
    1846, 1848, 1851, 1853, 1856, 1859, 1862, 1865, 1868, 1871, 1873, 1876,
    1878, 1881, 1884, 1886, 1888, 1890, 1892, 1894, 1896, 1898, 1901, 1904,
    1907, 1910, 1912, 1914, 1917, 1919, 1922, 1925, 1927, 1930, 1932, 1934,
    1936, 1939, 1941, 1944, 1947, 1950, 1953, 1956, 1958, 1960, 1963, 1965,
    1967, 1970, 1972, 1975, 1977, 1980, 1983, 1985, 1987, 1990, 1992, 1994,
    1997, 1999, 2001, 2004, 2006, 2008, 2010, 2013, 2016, 2018, 2020, 2022,
    2025, 2027, 2030, 2032, 2035, 2038, 2040, 2043, 2045, 2047, 2049, 2052,
    2055, 2057, 2060, 2062, 2064, 2066, 2068, 2070, 2073, 2076, 2078, 2080,
    2083, 2086, 2088, 2090, 2093, 2095, 2097, 2099, 2102, 2105, 2108, 2111,
    2114, 2117, 2120, 2123, 2125, 2127, 2130, 2133, 2136, 2139, 2141, 2143,
    2146, 2149, 2151, 2154, 2157, 2160, 2163, 2166, 2169, 2172, 2175, 2177,
    2180, 2182, 2184, 2186, 2189, 2192, 2195, 2197, 2199, 2202, 2204, 2207,
    2209, 2211, 2214, 2216, 2219, 2222, 2224, 2227, 2230, 2232, 2234, 2237,
    2240, 2242, 2244, 2246, 2248, 2250, 2253, 2256, 2259, 2262, 2265, 2267,
    2270, 2273, 2276, 2278, 2280, 2283, 2285, 2288, 2291, 2293, 2295, 2297,
    2299, 2301, 2303, 2305, 2307, 2309, 2311, 2313, 2315, 2318, 2321, 2324,
    2327, 2330, 2333, 2335, 2338, 2341, 2344, 2346, 2349, 2352, 2354, 2357,
    2360, 2362, 2365, 2368, 2370, 2372, 2374, 2376, 2379, 2382, 2384, 2387,
    2390
[1] 3, 8, 17, 22, 26, 30, 54, 61, 79, 89, 94, 99, 121, 124, 129, 135, 142,
    149, 177, 182, 185, 193, 204, 222, 245, 282, 286, 291, 308, 325, 333, 362,
    369, 374, 376, 385, 387, 393, 408, 418, 437, 453, 455, 460, 463, 469, 484,
    492, 496, 501, 504, 513, 515, 531, 550, 558, 561, 571, 577, 580, 584, 592,
    601, 620, 627, 629, 647, 651, 660, 672, 688, 694, 702, 717, 720, 732, 749,
    756, 762, 771, 781, 787, 827, 884, 922, 942, 945, 975, 985, 1025, 1028,
    1031, 1051, 1053, 1062, 1065, 1100, 1104, 1113, 1120, 1130, 1136, 1140,
    1145, 1151, 1171, 1177, 1180, 1199, 1202, 1214, 1227, 1237, 1282, 1285,
    1316, 1340, 1342, 1360, 1363, 1365, 1379, 1393, 1401, 1405, 1414, 1420,
    1439, 1442, 1446, 1461, 1467, 1470, 1501, 1548, 1550, 1554, 1556, 1562,
    1576, 1611, 1622, 1634, 1646, 1659, 1666, 1696, 1699, 1705, 1712, 1720,
    1726, 1744, 1750, 1756, 1765, 1770, 1772, 1794, 1796, 1809, 1821, 1828,
    1850, 1855, 1857, 1860, 1867, 1880, 1883, 1900, 1902, 1909, 1915, 1920,
    1923, 1929, 1938, 1943, 1945, 1948, 1961, 1973, 1989, 2015, 2024, 2029,
    2033, 2042, 2050, 2058, 2085, 2104, 2106, 2110, 2116, 2119, 2122, 2129,
    2132, 2144, 2147, 2156, 2158, 2161, 2170, 2174, 2187, 2190, 2201, 2212,
    2229, 2251, 2258, 2261, 2271, 2286, 2289, 2317, 2323, 2325, 2328, 2332,
    2337, 2340, 2355, 2367, 2377, 2381, 2385
[2] 47, 50, 66, 68, 82, 106, 114, 132, 151, 163, 218, 232, 240, 248, 257, 264,
    266, 300, 306, 314, 336, 350, 354, 359, 365, 382, 400, 403, 410, 415, 424,
    428, 440, 448, 467, 473, 477, 490, 507, 509, 518, 522, 527, 536, 545, 553,
    566, 599, 604, 611, 615, 617, 624, 633, 641, 668, 680, 691, 707, 725, 745,
    752, 764, 775, 777, 783, 789, 794, 797, 801, 803, 806, 810, 824, 831, 835,
    840, 844, 848, 852, 858, 861, 865, 868, 873, 890, 897, 908, 926, 930, 933,
    936, 949, 982, 989, 992, 997, 1005, 1014, 1019, 1034, 1036, 1039, 1073,
    1081, 1087, 1107, 1125, 1127, 1133, 1163, 1174, 1186, 1190, 1194, 1196,
    1205, 1208, 1234, 1248, 1252, 1269, 1278, 1288, 1290, 1300, 1304, 1319,
    1330, 1334, 1350, 1355, 1368, 1373, 1377, 1382, 1389, 1398, 1408, 1416,
    1435, 1448, 1451, 1464, 1476, 1479, 1483, 1489, 1493, 1495, 1503, 1515,
    1522, 1524, 1559, 1587, 1595, 1599, 1607, 1620, 1626, 1629, 1632, 1650,
    1653, 1672, 1676, 1679, 1684, 1710, 1718, 1724, 1736, 1739, 1741, 1748,
    1777, 1780, 1787, 1790, 1799, 1802, 1805, 1831, 1835, 1837, 1843, 1863,
    1870, 1874, 1906, 1952, 1954, 1968, 1978, 1982, 1996, 2003, 2011, 2036,
    2053, 2072, 2075, 2082, 2092, 2101, 2113, 2135, 2138, 2153, 2165, 2168,
    2179, 2194, 2206, 2218, 2220, 2225, 2235, 2239, 2254, 2264, 2269, 2275,
    2281, 2320, 2342, 2348, 2351, 2359, 2363, 2389, 2392
[3] 1, 4, 6, 9, 11, 13, 15, 18, 20, 23, 25, 28, 31, 33, 35, 37, 39, 41, 43,
    45, 48, 51, 53, 56, 58, 60, 63, 65, 69, 71, 73, 75, 77, 80, 83, 85, 87,
    90, 92, 95, 97, 100, 102, 104, 107, 109, 111, 113, 116, 118, 120, 123,
    126, 128, 131, 134, 137, 139, 141, 144, 146, 148, 152, 154, 156, 158, 160,
    162, 165, 167, 169, 171, 173, 175, 178, 180, 183, 186, 188, 190, 192, 195,
    197, 199, 201, 203, 206, 208, 210, 212, 214, 216, 219, 221, 224, 226, 228,
    230, 233, 235, 237, 239, 242, 244, 247, 250, 252, 254, 256, 259, 261, 263,
    267, 269, 271, 273, 275, 277, 279, 281, 284, 287, 289, 292, 294, 296, 298,
    301, 303, 305, 309, 311, 313, 316, 318, 320, 322, 324, 327, 329, 331, 334,
    337, 339, 341, 343, 345, 347, 349, 352, 355, 357, 360, 363, 366, 368, 371,
    373, 377, 379, 381, 384, 388, 390, 392, 395, 397, 399, 402, 405, 407, 411,
    413, 416, 419, 421, 423, 426, 429, 431, 433, 435, 438, 441, 443, 445, 447,
    450, 452, 456, 458, 461, 464, 466, 470, 472, 475, 478, 480, 482, 485, 487,
    489, 493, 495, 498, 500, 503, 506, 510, 512, 516, 519, 521, 524, 526, 529,
    532, 534, 537, 539, 541, 543, 546, 548, 551, 554, 556, 559, 562, 564, 567,
    569, 572, 574, 576, 579, 582, 585, 587, 589, 591, 594, 596, 598, 602, 605,
    607, 609, 612, 614, 618, 621, 623, 626, 630, 632, 635, 637, 639, 642, 644,
    646, 649, 652, 654, 656, 658, 661, 663, 665, 667, 670, 673, 675, 677, 679,
    682, 684, 686, 689, 692, 695, 697, 699, 701, 704, 706, 709, 711, 713, 715,
    718, 721, 723, 726, 728, 730, 733, 735, 737, 739, 741, 743, 746, 748, 751,
    754, 757, 759, 761, 765, 767, 769, 772, 774, 778, 780, 784, 786, 790, 792,
    795, 798, 800, 804, 807, 809, 812, 814, 816, 818, 820, 822, 825, 828, 830,
    833, 836, 838, 841, 843, 846, 849, 851, 854, 856, 859, 862, 864, 867, 870,
    872, 875, 877, 879, 881, 883, 886, 888, 891, 893, 895, 898, 900, 902, 904,
    906, 909, 911, 913, 915, 917, 919, 921, 924, 927, 929, 932, 935, 938, 940,
    943, 946, 948, 951, 953, 955, 957, 959, 961, 963, 965, 967, 969, 971, 973,
    976, 978, 980, 983, 986, 988, 991, 994, 996, 999, 1001, 1003, 1006, 1008,
    1010, 1012, 1015, 1017, 1020, 1022, 1024, 1027, 1030, 1033, 1037, 1040,
    1042, 1044, 1046, 1048, 1050, 1054, 1056, 1058, 1060, 1063, 1066, 1068,
    1070, 1072, 1075, 1077, 1079, 1082, 1084, 1086, 1089, 1091, 1093, 1095,
    1097, 1099, 1102, 1105, 1108, 1110, 1112, 1115, 1117, 1119, 1122, 1124,
    1128, 1131, 1134, 1137, 1139, 1142, 1144, 1147, 1149, 1152, 1154, 1156,
    1158, 1160, 1162, 1165, 1167, 1169, 1172, 1175, 1178, 1181, 1183, 1185,
    1188, 1191, 1193, 1197, 1200, 1203, 1206, 1209, 1211, 1213, 1216, 1218,
    1220, 1222, 1224, 1226, 1229, 1231, 1233, 1236, 1239, 1241, 1243, 1245,
    1247, 1250, 1253, 1255, 1257, 1259, 1261, 1263, 1265, 1267, 1270, 1272,
    1274, 1276, 1279, 1281, 1284, 1287, 1291, 1293, 1295, 1297, 1299, 1302,
    1305, 1307, 1309, 1311, 1313, 1315, 1318, 1321, 1323, 1325, 1327, 1329,
    1332, 1335, 1337, 1339, 1343, 1345, 1347, 1349, 1352, 1354, 1357, 1359,
    1362, 1366, 1369, 1371, 1374, 1376, 1380, 1383, 1385, 1387, 1390, 1392,
    1395, 1397, 1400, 1403, 1406, 1409, 1411, 1413, 1417, 1419, 1422, 1424,
    1426, 1428, 1430, 1432, 1434, 1437, 1440, 1443, 1445, 1449, 1452, 1454,
    1456, 1458, 1460, 1463, 1466, 1469, 1472, 1474, 1477, 1480, 1482, 1485,
    1487, 1490, 1492, 1496, 1498, 1500, 1504, 1506, 1508, 1510, 1512, 1514,
    1517, 1519, 1521, 1525, 1527, 1529, 1531, 1533, 1535, 1537, 1539, 1541,
    1543, 1545, 1547, 1551, 1553, 1557, 1560, 1563, 1565, 1567, 1569, 1571,
    1573, 1575, 1578, 1580, 1582, 1584, 1586, 1589, 1591, 1593, 1596, 1598,
    1601, 1603, 1605, 1608, 1610, 1613, 1615, 1617, 1619, 1623, 1625, 1628,
    1631, 1635, 1637, 1639, 1641, 1643, 1645, 1648, 1651, 1654, 1656, 1658,
    1661, 1663, 1665, 1668, 1670, 1673, 1675, 1678, 1681, 1683, 1686, 1688,
    1690, 1692, 1694, 1697, 1700, 1702, 1704, 1707, 1709, 1713, 1715, 1717,
    1721, 1723, 1727, 1729, 1731, 1733, 1735, 1738, 1742, 1745, 1747, 1751,
    1753, 1755, 1758, 1760, 1762, 1764, 1767, 1769, 1773, 1775, 1778, 1781,
    1783, 1785, 1788, 1791, 1793, 1797, 1800, 1803, 1806, 1808, 1811, 1813,
    1815, 1817, 1819, 1822, 1824, 1826, 1829, 1832, 1834, 1838, 1840, 1842,
    1845, 1847, 1849, 1852, 1854, 1858, 1861, 1864, 1866, 1869, 1872, 1875,
    1877, 1879, 1882, 1885, 1887, 1889, 1891, 1893, 1895, 1897, 1899, 1903,
    1905, 1908, 1911, 1913, 1916, 1918, 1921, 1924, 1926, 1928, 1931, 1933,
    1935, 1937, 1940, 1942, 1946, 1949, 1951, 1955, 1957, 1959, 1962, 1964,
    1966, 1969, 1971, 1974, 1976, 1979, 1981, 1984, 1986, 1988, 1991, 1993,
    1995, 1998, 2000, 2002, 2005, 2007, 2009, 2012, 2014, 2017, 2019, 2021,
    2023, 2026, 2028, 2031, 2034, 2037, 2039, 2041, 2044, 2046, 2048, 2051,
    2054, 2056, 2059, 2061, 2063, 2065, 2067, 2069, 2071, 2074, 2077, 2079,
    2081, 2084, 2087, 2089, 2091, 2094, 2096, 2098, 2100, 2103, 2107, 2109,
    2112, 2115, 2118, 2121, 2124, 2126, 2128, 2131, 2134, 2137, 2140, 2142,
    2145, 2148, 2150, 2152, 2155, 2159, 2162, 2164, 2167, 2171, 2173, 2176,
    2178, 2181, 2183, 2185, 2188, 2191, 2193, 2196, 2198, 2200, 2203, 2205,
    2208, 2210, 2213, 2215, 2217, 2221, 2223, 2226, 2228, 2231, 2233, 2236,
    2238, 2241, 2243, 2245, 2247, 2249, 2252, 2255, 2257, 2260, 2263, 2266,
    2268, 2272, 2274, 2277, 2279, 2282, 2284, 2287, 2290, 2292, 2294, 2296,
    2298, 2300, 2302, 2304, 2306, 2308, 2310, 2312, 2314, 2316, 2319, 2322,
    2326, 2329, 2331, 2334, 2336, 2339, 2343, 2345, 2347, 2350, 2353, 2356,
    2358, 2361, 2364, 2366, 2369, 2371, 2373, 2375, 2378, 2380, 2383, 2386,
    2388, 2391

 Xixi Adjusted Rand Index:
0.6543304625827489

 Performance of golden standard model:
token_fitness
{"perc_fit_traces": 74.2, "average_trace_fitness": 0.954287257290356, "log_fitness": 0.9581503965389515, "percentage_of_fitting_traces": 74.2}
precision
0.770582267204474
0.6901408450704225
generalization
0.9544397652610738

 Xixi split labels:
['B_X_1', 'B_X_2', 'B_X_0']

 Xixi refined log results:

 IM without noise threshold:
token_fitness
{"perc_fit_traces": 39.4, "average_trace_fitness": 0.951950706714494, "log_fitness": 0.9547396872749752, "percentage_of_fitting_traces": 39.4}
precision
0.7718037791462709
0.6901408450704225
generalization
0.9172731595719342

 Xixi clustering:
Clustering with 2393 elements and 3 clusters
[0] 0, 2, 5, 7, 10, 12, 14, 16, 19, 21, 24, 27, 29, 32, 34, 36, 38, 40, 42,
    44, 46, 49, 52, 55, 57, 59, 62, 64, 67, 70, 72, 74, 76, 78, 81, 84, 86,
    88, 91, 93, 96, 98, 101, 103, 105, 108, 110, 112, 115, 117, 119, 122, 125,
    127, 130, 133, 136, 138, 140, 143, 145, 147, 150, 153, 155, 157, 159, 161,
    164, 166, 168, 170, 172, 174, 176, 179, 181, 184, 187, 189, 191, 194, 196,
    198, 200, 202, 205, 207, 209, 211, 213, 215, 217, 220, 223, 225, 227, 229,
    231, 234, 236, 238, 241, 243, 246, 249, 251, 253, 255, 258, 260, 262, 265,
    268, 270, 272, 274, 276, 278, 280, 283, 285, 288, 290, 293, 295, 297, 299,
    302, 304, 307, 310, 312, 315, 317, 319, 321, 323, 326, 328, 330, 332, 335,
    338, 340, 342, 344, 346, 348, 351, 353, 356, 358, 361, 364, 367, 370, 372,
    375, 378, 380, 383, 386, 389, 391, 394, 396, 398, 401, 404, 406, 409, 412,
    414, 417, 420, 422, 425, 427, 430, 432, 434, 436, 439, 442, 444, 446, 449,
    451, 454, 457, 459, 462, 465, 468, 471, 474, 476, 479, 481, 483, 486, 488,
    491, 494, 497, 499, 502, 505, 508, 511, 514, 517, 520, 523, 525, 528, 530,
    533, 535, 538, 540, 542, 544, 547, 549, 552, 555, 557, 560, 563, 565, 568,
    570, 573, 575, 578, 581, 583, 586, 588, 590, 593, 595, 597, 600, 603, 606,
    608, 610, 613, 616, 619, 622, 625, 628, 631, 634, 636, 638, 640, 643, 645,
    648, 650, 653, 655, 657, 659, 662, 664, 666, 669, 671, 674, 676, 678, 681,
    683, 685, 687, 690, 693, 696, 698, 700, 703, 705, 708, 710, 712, 714, 716,
    719, 722, 724, 727, 729, 731, 734, 736, 738, 740, 742, 744, 747, 750, 753,
    755, 758, 760, 763, 766, 768, 770, 773, 776, 779, 782, 785, 788, 791, 793,
    796, 799, 802, 805, 808, 811, 813, 815, 817, 819, 821, 823, 826, 829, 832,
    834, 837, 839, 842, 845, 847, 850, 853, 855, 857, 860, 863, 866, 869, 871,
    874, 876, 878, 880, 882, 885, 887, 889, 892, 894, 896, 899, 901, 903, 905,
    907, 910, 912, 914, 916, 918, 920, 923, 925, 928, 931, 934, 937, 939, 941,
    944, 947, 950, 952, 954, 956, 958, 960, 962, 964, 966, 968, 970, 972, 974,
    977, 979, 981, 984, 987, 990, 993, 995, 998, 1000, 1002, 1004, 1007, 1009,
    1011, 1013, 1016, 1018, 1021, 1023, 1026, 1029, 1032, 1035, 1038, 1041,
    1043, 1045, 1047, 1049, 1052, 1055, 1057, 1059, 1061, 1064, 1067, 1069,
    1071, 1074, 1076, 1078, 1080, 1083, 1085, 1088, 1090, 1092, 1094, 1096,
    1098, 1101, 1103, 1106, 1109, 1111, 1114, 1116, 1118, 1121, 1123, 1126,
    1129, 1132, 1135, 1138, 1141, 1143, 1146, 1148, 1150, 1153, 1155, 1157,
    1159, 1161, 1164, 1166, 1168, 1170, 1173, 1176, 1179, 1182, 1184, 1187,
    1189, 1192, 1195, 1198, 1201, 1204, 1207, 1210, 1212, 1215, 1217, 1219,
    1221, 1223, 1225, 1228, 1230, 1232, 1235, 1238, 1240, 1242, 1244, 1246,
    1249, 1251, 1254, 1256, 1258, 1260, 1262, 1264, 1266, 1268, 1271, 1273,
    1275, 1277, 1280, 1283, 1286, 1289, 1292, 1294, 1296, 1298, 1301, 1303,
    1306, 1308, 1310, 1312, 1314, 1317, 1320, 1322, 1324, 1326, 1328, 1331,
    1333, 1336, 1338, 1341, 1344, 1346, 1348, 1351, 1353, 1356, 1358, 1361,
    1364, 1367, 1370, 1372, 1375, 1378, 1381, 1384, 1386, 1388, 1391, 1394,
    1396, 1399, 1402, 1404, 1407, 1410, 1412, 1415, 1418, 1421, 1423, 1425,
    1427, 1429, 1431, 1433, 1436, 1438, 1441, 1444, 1447, 1450, 1453, 1455,
    1457, 1459, 1462, 1465, 1468, 1471, 1473, 1475, 1478, 1481, 1484, 1486,
    1488, 1491, 1494, 1497, 1499, 1502, 1505, 1507, 1509, 1511, 1513, 1516,
    1518, 1520, 1523, 1526, 1528, 1530, 1532, 1534, 1536, 1538, 1540, 1542,
    1544, 1546, 1549, 1552, 1555, 1558, 1561, 1564, 1566, 1568, 1570, 1572,
    1574, 1577, 1579, 1581, 1583, 1585, 1588, 1590, 1592, 1594, 1597, 1600,
    1602, 1604, 1606, 1609, 1612, 1614, 1616, 1618, 1621, 1624, 1627, 1630,
    1633, 1636, 1638, 1640, 1642, 1644, 1647, 1649, 1652, 1655, 1657, 1660,
    1662, 1664, 1667, 1669, 1671, 1674, 1677, 1680, 1682, 1685, 1687, 1689,
    1691, 1693, 1695, 1698, 1701, 1703, 1706, 1708, 1711, 1714, 1716, 1719,
    1722, 1725, 1728, 1730, 1732, 1734, 1737, 1740, 1743, 1746, 1749, 1752,
    1754, 1757, 1759, 1761, 1763, 1766, 1768, 1771, 1774, 1776, 1779, 1782,
    1784, 1786, 1789, 1792, 1795, 1798, 1801, 1804, 1807, 1810, 1812, 1814,
    1816, 1818, 1820, 1823, 1825, 1827, 1830, 1833, 1836, 1839, 1841, 1844,
    1846, 1848, 1851, 1853, 1856, 1859, 1862, 1865, 1868, 1871, 1873, 1876,
    1878, 1881, 1884, 1886, 1888, 1890, 1892, 1894, 1896, 1898, 1901, 1904,
    1907, 1910, 1912, 1914, 1917, 1919, 1922, 1925, 1927, 1930, 1932, 1934,
    1936, 1939, 1941, 1944, 1947, 1950, 1953, 1956, 1958, 1960, 1963, 1965,
    1967, 1970, 1972, 1975, 1977, 1980, 1983, 1985, 1987, 1990, 1992, 1994,
    1997, 1999, 2001, 2004, 2006, 2008, 2010, 2013, 2016, 2018, 2020, 2022,
    2025, 2027, 2030, 2032, 2035, 2038, 2040, 2043, 2045, 2047, 2049, 2052,
    2055, 2057, 2060, 2062, 2064, 2066, 2068, 2070, 2073, 2076, 2078, 2080,
    2083, 2086, 2088, 2090, 2093, 2095, 2097, 2099, 2102, 2105, 2108, 2111,
    2114, 2117, 2120, 2123, 2125, 2127, 2130, 2133, 2136, 2139, 2141, 2143,
    2146, 2149, 2151, 2154, 2157, 2160, 2163, 2166, 2169, 2172, 2175, 2177,
    2180, 2182, 2184, 2186, 2189, 2192, 2195, 2197, 2199, 2202, 2204, 2207,
    2209, 2211, 2214, 2216, 2219, 2222, 2224, 2227, 2230, 2232, 2234, 2237,
    2240, 2242, 2244, 2246, 2248, 2250, 2253, 2256, 2259, 2262, 2265, 2267,
    2270, 2273, 2276, 2278, 2280, 2283, 2285, 2288, 2291, 2293, 2295, 2297,
    2299, 2301, 2303, 2305, 2307, 2309, 2311, 2313, 2315, 2318, 2321, 2324,
    2327, 2330, 2333, 2335, 2338, 2341, 2344, 2346, 2349, 2352, 2354, 2357,
    2360, 2362, 2365, 2368, 2370, 2372, 2374, 2376, 2379, 2382, 2384, 2387,
    2390

[2] 1, 3, 4, 6, 8, 9, 11, 13, 15, 17, 18, 20, 22, 23, 25, 26, 28, 30, 31, 33,
    35, 37, 39, 41, 43, 45, 47, 48, 50, 51, 53, 54, 56, 58, 60, 61, 63, 65,
    66, 68, 69, 71, 73, 75, 77, 79, 80, 82, 83, 85, 87, 89, 90, 92, 94, 95,
    97, 99, 100, 102, 104, 106, 107, 109, 111, 113, 114, 116, 118, 120, 121,
    123, 124, 126, 128, 129, 131, 132, 134, 135, 137, 139, 141, 142, 144, 146,
    148, 149, 151, 152, 154, 156, 158, 160, 162, 163, 165, 167, 169, 171, 173,
    175, 177, 178, 180, 182, 183, 185, 186, 188, 190, 192, 193, 195, 197, 199,
    201, 203, 204, 206, 208, 210, 212, 214, 216, 218, 219, 221, 222, 224, 226,
    228, 230, 232, 233, 235, 237, 239, 240, 242, 244, 245, 247, 248, 250, 252,
    254, 256, 257, 259, 261, 263, 264, 266, 267, 269, 271, 273, 275, 277, 279,
    281, 282, 284, 286, 287, 289, 291, 292, 294, 296, 298, 300, 301, 303, 305,
    306, 308, 309, 311, 313, 314, 316, 318, 320, 322, 324, 325, 327, 329, 331,
    333, 334, 336, 337, 339, 341, 343, 345, 347, 349, 350, 352, 354, 355, 357,
    359, 360, 362, 363, 365, 366, 368, 369, 371, 373, 374, 376, 377, 379, 381,
    382, 384, 385, 387, 388, 390, 392, 393, 395, 397, 399, 400, 402, 403, 405,
    407, 408, 410, 411, 413, 415, 416, 418, 419, 421, 423, 424, 426, 428, 429,
    431, 433, 435, 437, 438, 440, 441, 443, 445, 447, 448, 450, 452, 453, 455,
    456, 458, 460, 461, 463, 464, 466, 467, 469, 470, 472, 473, 475, 477, 478,
    480, 482, 484, 485, 487, 489, 490, 492, 493, 495, 496, 498, 500, 501, 503,
    504, 506, 507, 509, 510, 512, 513, 515, 516, 518, 519, 521, 522, 524, 526,
    527, 529, 531, 532, 534, 536, 537, 539, 541, 543, 545, 546, 548, 550, 551,
    553, 554, 556, 558, 559, 561, 562, 564, 566, 567, 569, 571, 572, 574, 576,
    577, 579, 580, 582, 584, 585, 587, 589, 591, 592, 594, 596, 598, 599, 601,
    602, 604, 605, 607, 609, 611, 612, 614, 615, 617, 618, 620, 621, 623, 624,
    626, 627, 629, 630, 632, 633, 635, 637, 639, 641, 642, 644, 646, 647, 649,
    651, 652, 654, 656, 658, 660, 661, 663, 665, 667, 668, 670, 672, 673, 675,
    677, 679, 680, 682, 684, 686, 688, 689, 691, 692, 694, 695, 697, 699, 701,
    702, 704, 706, 707, 709, 711, 713, 715, 717, 718, 720, 721, 723, 725, 726,
    728, 730, 732, 733, 735, 737, 739, 741, 743, 745, 746, 748, 749, 751, 752,
    754, 756, 757, 759, 761, 762, 764, 765, 767, 769, 771, 772, 774, 775, 777,
    778, 780, 781, 783, 784, 786, 787, 789, 790, 792, 794, 795, 797, 798, 800,
    801, 803, 804, 806, 807, 809, 810, 812, 814, 816, 818, 820, 822, 824, 825,
    827, 828, 830, 831, 833, 835, 836, 838, 840, 841, 843, 844, 846, 848, 849,
    851, 852, 854, 856, 858, 859, 861, 862, 864, 865, 867, 868, 870, 872, 873,
    875, 877, 879, 881, 883, 884, 886, 888, 890, 891, 893, 895, 897, 898, 900,
    902, 904, 906, 908, 909, 911, 913, 915, 917, 919, 921, 922, 924, 926, 927,
    929, 930, 932, 933, 935, 936, 938, 940, 942, 943, 945, 946, 948, 949, 951,
    953, 955, 957, 959, 961, 963, 965, 967, 969, 971, 973, 975, 976, 978, 980,
    982, 983, 985, 986, 988, 989, 991, 992, 994, 996, 997, 999, 1001, 1003,
    1005, 1006, 1008, 1010, 1012, 1014, 1015, 1017, 1019, 1020, 1022, 1024,
    1025, 1027, 1028, 1030, 1031, 1033, 1034, 1036, 1037, 1039, 1040, 1042,
    1044, 1046, 1048, 1050, 1051, 1053, 1054, 1056, 1058, 1060, 1062, 1063,
    1065, 1066, 1068, 1070, 1072, 1073, 1075, 1077, 1079, 1081, 1082, 1084,
    1086, 1087, 1089, 1091, 1093, 1095, 1097, 1099, 1100, 1102, 1104, 1105,
    1107, 1108, 1110, 1112, 1113, 1115, 1117, 1119, 1120, 1122, 1124, 1125,
    1127, 1128, 1130, 1131, 1133, 1134, 1136, 1137, 1139, 1140, 1142, 1144,
    1145, 1147, 1149, 1151, 1152, 1154, 1156, 1158, 1160, 1162, 1163, 1165,
    1167, 1169, 1171, 1172, 1174, 1175, 1177, 1178, 1180, 1181, 1183, 1185,
    1186, 1188, 1190, 1191, 1193, 1194, 1196, 1197, 1199, 1200, 1202, 1203,
    1205, 1206, 1208, 1209, 1211, 1213, 1214, 1216, 1218, 1220, 1222, 1224,
    1226, 1227, 1229, 1231, 1233, 1234, 1236, 1237, 1239, 1241, 1243, 1245,
    1247, 1248, 1250, 1252, 1253, 1255, 1257, 1259, 1261, 1263, 1265, 1267,
    1269, 1270, 1272, 1274, 1276, 1278, 1279, 1281, 1282, 1284, 1285, 1287,
    1288, 1290, 1291, 1293, 1295, 1297, 1299, 1300, 1302, 1304, 1305, 1307,
    1309, 1311, 1313, 1315, 1316, 1318, 1319, 1321, 1323, 1325, 1327, 1329,
    1330, 1332, 1334, 1335, 1337, 1339, 1340, 1342, 1343, 1345, 1347, 1349,
    1350, 1352, 1354, 1355, 1357, 1359, 1360, 1362, 1363, 1365, 1366, 1368,
    1369, 1371, 1373, 1374, 1376, 1377, 1379, 1380, 1382, 1383, 1385, 1387,
    1389, 1390, 1392, 1393, 1395, 1397, 1398, 1400, 1401, 1403, 1405, 1406,
    1408, 1409, 1411, 1413, 1414, 1416, 1417, 1419, 1420, 1422, 1424, 1426,
    1428, 1430, 1432, 1434, 1435, 1437, 1439, 1440, 1442, 1443, 1445, 1446,
    1448, 1449, 1451, 1452, 1454, 1456, 1458, 1460, 1461, 1463, 1464, 1466,
    1467, 1469, 1470, 1472, 1474, 1476, 1477, 1479, 1480, 1482, 1483, 1485,
    1487, 1489, 1490, 1492, 1493, 1495, 1496, 1498, 1500, 1501, 1503, 1504,
    1506, 1508, 1510, 1512, 1514, 1515, 1517, 1519, 1521, 1522, 1524, 1525,
    1527, 1529, 1531, 1533, 1535, 1537, 1539, 1541, 1543, 1545, 1547, 1548,
    1550, 1551, 1553, 1554, 1556, 1557, 1559, 1560, 1562, 1563, 1565, 1567,
    1569, 1571, 1573, 1575, 1576, 1578, 1580, 1582, 1584, 1586, 1587, 1589,
    1591, 1593, 1595, 1596, 1598, 1599, 1601, 1603, 1605, 1607, 1608, 1610,
    1611, 1613, 1615, 1617, 1619, 1620, 1622, 1623, 1625, 1626, 1628, 1629,
    1631, 1632, 1634, 1635, 1637, 1639, 1641, 1643, 1645, 1646, 1648, 1650,
    1651, 1653, 1654, 1656, 1658, 1659, 1661, 1663, 1665, 1666, 1668, 1670,
    1672, 1673, 1675, 1676, 1678, 1679, 1681, 1683, 1684, 1686, 1688, 1690,
    1692, 1694, 1696, 1697, 1699, 1700, 1702, 1704, 1705, 1707, 1709, 1710,
    1712, 1713, 1715, 1717, 1718, 1720, 1721, 1723, 1724, 1726, 1727, 1729,
    1731, 1733, 1735, 1736, 1738, 1739, 1741, 1742, 1744, 1745, 1747, 1748,
    1750, 1751, 1753, 1755, 1756, 1758, 1760, 1762, 1764, 1765, 1767, 1769,
    1770, 1772, 1773, 1775, 1777, 1778, 1780, 1781, 1783, 1785, 1787, 1788,
    1790, 1791, 1793, 1794, 1796, 1797, 1799, 1800, 1802, 1803, 1805, 1806,
    1808, 1809, 1811, 1813, 1815, 1817, 1819, 1821, 1822, 1824, 1826, 1828,
    1829, 1831, 1832, 1834, 1835, 1837, 1838, 1840, 1842, 1843, 1845, 1847,
    1849, 1850, 1852, 1854, 1855, 1857, 1858, 1860, 1861, 1863, 1864, 1866,
    1867, 1869, 1870, 1872, 1874, 1875, 1877, 1879, 1880, 1882, 1883, 1885,
    1887, 1889, 1891, 1893, 1895, 1897, 1899, 1900, 1902, 1903, 1905, 1906,
    1908, 1909, 1911, 1913, 1915, 1916, 1918, 1920, 1921, 1923, 1924, 1926,
    1928, 1929, 1931, 1933, 1935, 1937, 1938, 1940, 1942, 1943, 1945, 1946,
    1948, 1949, 1951, 1952, 1954, 1955, 1957, 1959, 1961, 1962, 1964, 1966,
    1968, 1969, 1971, 1973, 1974, 1976, 1978, 1979, 1981, 1982, 1984, 1986,
    1988, 1989, 1991, 1993, 1995, 1996, 1998, 2000, 2002, 2003, 2005, 2007,
    2009, 2011, 2012, 2014, 2015, 2017, 2019, 2021, 2023, 2024, 2026, 2028,
    2029, 2031, 2033, 2034, 2036, 2037, 2039, 2041, 2042, 2044, 2046, 2048,
    2050, 2051, 2053, 2054, 2056, 2058, 2059, 2061, 2063, 2065, 2067, 2069,
    2071, 2072, 2074, 2075, 2077, 2079, 2081, 2082, 2084, 2085, 2087, 2089,
    2091, 2092, 2094, 2096, 2098, 2100, 2101, 2103, 2104, 2106, 2107, 2109,
    2110, 2112, 2113, 2115, 2116, 2118, 2119, 2121, 2122, 2124, 2126, 2128,
    2129, 2131, 2132, 2134, 2135, 2137, 2138, 2140, 2142, 2144, 2145, 2147,
    2148, 2150, 2152, 2153, 2155, 2156, 2158, 2159, 2161, 2162, 2164, 2165,
    2167, 2168, 2170, 2171, 2173, 2174, 2176, 2178, 2179, 2181, 2183, 2185,
    2187, 2188, 2190, 2191, 2193, 2194, 2196, 2198, 2200, 2201, 2203, 2205,
    2206, 2208, 2210, 2212, 2213, 2215, 2217, 2218, 2220, 2221, 2223, 2225,
    2226, 2228, 2229, 2231, 2233, 2235, 2236, 2238, 2239, 2241, 2243, 2245,
    2247, 2249, 2251, 2252, 2254, 2255, 2257, 2258, 2260, 2261, 2263, 2264,
    2266, 2268, 2269, 2271, 2272, 2274, 2275, 2277, 2279, 2281, 2282, 2284,
    2286, 2287, 2289, 2290, 2292, 2294, 2296, 2298, 2300, 2302, 2304, 2306,
    2308, 2310, 2312, 2314, 2316, 2317, 2319, 2320, 2322, 2323, 2325, 2326,
    2328, 2329, 2331, 2332, 2334, 2336, 2337, 2339, 2340, 2342, 2343, 2345,
    2347, 2348, 2350, 2351, 2353, 2355, 2356, 2358, 2359, 2361, 2363, 2364,
    2366, 2367, 2369, 2371, 2373, 2375, 2377, 2378, 2380, 2381, 2383, 2385,
    2386, 2388, 2389, 2391, 2392

 Data from log without imprecise labels

 IM without noise threshold:
token_fitness
{"perc_fit_traces": 100.0, "average_trace_fitness": 1.0, "log_fitness": 1.0, "percentage_of_fitting_traces": 100.0}
precision
0.6921253949775487
0.6901408450704225
generalization
0.9539290939462526

 Original Labels:
['B', 'R', 'M', 'N']

 Ground truth clustering clustering:
Clustering with 2393 elements and 4 clusters
[0] 0, 2, 5, 7, 10, 12, 14, 16, 19, 21, 24, 27, 29, 32, 34, 36, 38, 40, 42,
    44, 46, 49, 52, 55, 57, 59, 62, 64, 67, 70, 72, 74, 76, 78, 81, 84, 86,
    88, 91, 93, 96, 98, 101, 103, 105, 108, 110, 112, 115, 117, 119, 122, 125,
    127, 130, 133, 136, 138, 140, 143, 145, 147, 150, 153, 155, 157, 159, 161,
    164, 166, 168, 170, 172, 174, 176, 179, 181, 184, 187, 189, 191, 194, 196,
    198, 200, 202, 205, 207, 209, 211, 213, 215, 217, 220, 223, 225, 227, 229,
    231, 234, 236, 238, 241, 243, 246, 249, 251, 253, 255, 258, 260, 262, 265,
    268, 270, 272, 274, 276, 278, 280, 283, 285, 288, 290, 293, 295, 297, 299,
    302, 304, 307, 310, 312, 315, 317, 319, 321, 323, 326, 328, 330, 332, 335,
    338, 340, 342, 344, 346, 348, 351, 353, 356, 358, 361, 364, 367, 370, 372,
    375, 378, 380, 383, 386, 389, 391, 394, 396, 398, 401, 404, 406, 409, 412,
    414, 417, 420, 422, 425, 427, 430, 432, 434, 436, 439, 442, 444, 446, 449,
    451, 454, 457, 459, 462, 465, 468, 471, 474, 476, 479, 481, 483, 486, 488,
    491, 494, 497, 499, 502, 505, 508, 511, 514, 517, 520, 523, 525, 528, 530,
    533, 535, 538, 540, 542, 544, 547, 549, 552, 555, 557, 560, 563, 565, 568,
    570, 573, 575, 578, 581, 583, 586, 588, 590, 593, 595, 597, 600, 603, 606,
    608, 610, 613, 616, 619, 622, 625, 628, 631, 634, 636, 638, 640, 643, 645,
    648, 650, 653, 655, 657, 659, 662, 664, 666, 669, 671, 674, 676, 678, 681,
    683, 685, 687, 690, 693, 696, 698, 700, 703, 705, 708, 710, 712, 714, 716,
    719, 722, 724, 727, 729, 731, 734, 736, 738, 740, 742, 744, 747, 750, 753,
    755, 758, 760, 763, 766, 768, 770, 773, 776, 779, 782, 785, 788, 791, 793,
    796, 799, 802, 805, 808, 811, 813, 815, 817, 819, 821, 823, 826, 829, 832,
    834, 837, 839, 842, 845, 847, 850, 853, 855, 857, 860, 863, 866, 869, 871,
    874, 876, 878, 880, 882, 885, 887, 889, 892, 894, 896, 899, 901, 903, 905,
    907, 910, 912, 914, 916, 918, 920, 923, 925, 928, 931, 934, 937, 939, 941,
    944, 947, 950, 952, 954, 956, 958, 960, 962, 964, 966, 968, 970, 972, 974,
    977, 979, 981, 984, 987, 990, 993, 995, 998, 1000, 1002, 1004, 1007, 1009,
    1011, 1013, 1016, 1018, 1021, 1023, 1026, 1029, 1032, 1035, 1038, 1041,
    1043, 1045, 1047, 1049, 1052, 1055, 1057, 1059, 1061, 1064, 1067, 1069,
    1071, 1074, 1076, 1078, 1080, 1083, 1085, 1088, 1090, 1092, 1094, 1096,
    1098, 1101, 1103, 1106, 1109, 1111, 1114, 1116, 1118, 1121, 1123, 1126,
    1129, 1132, 1135, 1138, 1141, 1143, 1146, 1148, 1150, 1153, 1155, 1157,
    1159, 1161, 1164, 1166, 1168, 1170, 1173, 1176, 1179, 1182, 1184, 1187,
    1189, 1192, 1195, 1198, 1201, 1204, 1207, 1210, 1212, 1215, 1217, 1219,
    1221, 1223, 1225, 1228, 1230, 1232, 1235, 1238, 1240, 1242, 1244, 1246,
    1249, 1251, 1254, 1256, 1258, 1260, 1262, 1264, 1266, 1268, 1271, 1273,
    1275, 1277, 1280, 1283, 1286, 1289, 1292, 1294, 1296, 1298, 1301, 1303,
    1306, 1308, 1310, 1312, 1314, 1317, 1320, 1322, 1324, 1326, 1328, 1331,
    1333, 1336, 1338, 1341, 1344, 1346, 1348, 1351, 1353, 1356, 1358, 1361,
    1364, 1367, 1370, 1372, 1375, 1378, 1381, 1384, 1386, 1388, 1391, 1394,
    1396, 1399, 1402, 1404, 1407, 1410, 1412, 1415, 1418, 1421, 1423, 1425,
    1427, 1429, 1431, 1433, 1436, 1438, 1441, 1444, 1447, 1450, 1453, 1455,
    1457, 1459, 1462, 1465, 1468, 1471, 1473, 1475, 1478, 1481, 1484, 1486,
    1488, 1491, 1494, 1497, 1499, 1502, 1505, 1507, 1509, 1511, 1513, 1516,
    1518, 1520, 1523, 1526, 1528, 1530, 1532, 1534, 1536, 1538, 1540, 1542,
    1544, 1546, 1549, 1552, 1555, 1558, 1561, 1564, 1566, 1568, 1570, 1572,
    1574, 1577, 1579, 1581, 1583, 1585, 1588, 1590, 1592, 1594, 1597, 1600,
    1602, 1604, 1606, 1609, 1612, 1614, 1616, 1618, 1621, 1624, 1627, 1630,
    1633, 1636, 1638, 1640, 1642, 1644, 1647, 1649, 1652, 1655, 1657, 1660,
    1662, 1664, 1667, 1669, 1671, 1674, 1677, 1680, 1682, 1685, 1687, 1689,
    1691, 1693, 1695, 1698, 1701, 1703, 1706, 1708, 1711, 1714, 1716, 1719,
    1722, 1725, 1728, 1730, 1732, 1734, 1737, 1740, 1743, 1746, 1749, 1752,
    1754, 1757, 1759, 1761, 1763, 1766, 1768, 1771, 1774, 1776, 1779, 1782,
    1784, 1786, 1789, 1792, 1795, 1798, 1801, 1804, 1807, 1810, 1812, 1814,
    1816, 1818, 1820, 1823, 1825, 1827, 1830, 1833, 1836, 1839, 1841, 1844,
    1846, 1848, 1851, 1853, 1856, 1859, 1862, 1865, 1868, 1871, 1873, 1876,
    1878, 1881, 1884, 1886, 1888, 1890, 1892, 1894, 1896, 1898, 1901, 1904,
    1907, 1910, 1912, 1914, 1917, 1919, 1922, 1925, 1927, 1930, 1932, 1934,
    1936, 1939, 1941, 1944, 1947, 1950, 1953, 1956, 1958, 1960, 1963, 1965,
    1967, 1970, 1972, 1975, 1977, 1980, 1983, 1985, 1987, 1990, 1992, 1994,
    1997, 1999, 2001, 2004, 2006, 2008, 2010, 2013, 2016, 2018, 2020, 2022,
    2025, 2027, 2030, 2032, 2035, 2038, 2040, 2043, 2045, 2047, 2049, 2052,
    2055, 2057, 2060, 2062, 2064, 2066, 2068, 2070, 2073, 2076, 2078, 2080,
    2083, 2086, 2088, 2090, 2093, 2095, 2097, 2099, 2102, 2105, 2108, 2111,
    2114, 2117, 2120, 2123, 2125, 2127, 2130, 2133, 2136, 2139, 2141, 2143,
    2146, 2149, 2151, 2154, 2157, 2160, 2163, 2166, 2169, 2172, 2175, 2177,
    2180, 2182, 2184, 2186, 2189, 2192, 2195, 2197, 2199, 2202, 2204, 2207,
    2209, 2211, 2214, 2216, 2219, 2222, 2224, 2227, 2230, 2232, 2234, 2237,
    2240, 2242, 2244, 2246, 2248, 2250, 2253, 2256, 2259, 2262, 2265, 2267,
    2270, 2273, 2276, 2278, 2280, 2283, 2285, 2288, 2291, 2293, 2295, 2297,
    2299, 2301, 2303, 2305, 2307, 2309, 2311, 2313, 2315, 2318, 2321, 2324,
    2327, 2330, 2333, 2335, 2338, 2341, 2344, 2346, 2349, 2352, 2354, 2357,
    2360, 2362, 2365, 2368, 2370, 2372, 2374, 2376, 2379, 2382, 2384, 2387,
    2390
[1] 1, 4, 6, 9, 11, 13, 15, 18, 20, 23, 25, 28, 31, 33, 35, 37, 39, 41, 43,
    45, 48, 51, 53, 56, 58, 60, 63, 65, 69, 71, 73, 75, 77, 80, 83, 85, 87,
    90, 92, 95, 97, 100, 102, 104, 107, 109, 111, 113, 116, 118, 120, 123,
    126, 128, 131, 134, 137, 139, 141, 144, 146, 148, 152, 154, 156, 158, 160,
    162, 165, 167, 169, 171, 173, 175, 178, 180, 183, 186, 188, 190, 192, 195,
    197, 199, 201, 203, 206, 208, 210, 212, 214, 216, 219, 221, 224, 226, 228,
    230, 233, 235, 237, 239, 242, 244, 247, 250, 252, 254, 256, 259, 261, 263,
    267, 269, 271, 273, 275, 277, 279, 281, 284, 287, 289, 292, 294, 296, 298,
    301, 303, 305, 309, 311, 313, 316, 318, 320, 322, 324, 327, 329, 331, 334,
    337, 339, 341, 343, 345, 347, 349, 352, 355, 357, 360, 363, 366, 368, 371,
    373, 377, 379, 381, 384, 388, 390, 392, 395, 397, 399, 402, 405, 407, 411,
    413, 416, 419, 421, 423, 426, 429, 431, 433, 435, 438, 441, 443, 445, 447,
    450, 452, 456, 458, 461, 464, 466, 470, 472, 475, 478, 480, 482, 485, 487,
    489, 493, 495, 498, 500, 503, 506, 510, 512, 516, 519, 521, 524, 526, 529,
    532, 534, 537, 539, 541, 543, 546, 548, 551, 554, 556, 559, 562, 564, 567,
    569, 572, 574, 576, 579, 582, 585, 587, 589, 591, 594, 596, 598, 602, 605,
    607, 609, 612, 614, 618, 621, 623, 626, 630, 632, 635, 637, 639, 642, 644,
    646, 649, 652, 654, 656, 658, 661, 663, 665, 667, 670, 673, 675, 677, 679,
    682, 684, 686, 689, 692, 695, 697, 699, 701, 704, 706, 709, 711, 713, 715,
    718, 721, 723, 726, 728, 730, 733, 735, 737, 739, 741, 743, 746, 748, 751,
    754, 757, 759, 761, 765, 767, 769, 772, 774, 778, 780, 784, 786, 790, 792,
    795, 798, 800, 804, 807, 809, 812, 814, 816, 818, 820, 822, 825, 828, 830,
    833, 836, 838, 841, 843, 846, 849, 851, 854, 856, 859, 862, 864, 867, 870,
    872, 875, 877, 879, 881, 883, 886, 888, 891, 893, 895, 898, 900, 902, 904,
    906, 909, 911, 913, 915, 917, 919, 921, 924, 927, 929, 932, 935, 938, 940,
    943, 946, 948, 951, 953, 955, 957, 959, 961, 963, 965, 967, 969, 971, 973,
    976, 978, 980, 983, 986, 988, 991, 994, 996, 999, 1001, 1003, 1006, 1008,
    1010, 1012, 1015, 1017, 1020, 1022, 1024, 1027, 1030, 1033, 1037, 1040,
    1042, 1044, 1046, 1048, 1050, 1054, 1056, 1058, 1060, 1063, 1066, 1068,
    1070, 1072, 1075, 1077, 1079, 1082, 1084, 1086, 1089, 1091, 1093, 1095,
    1097, 1099, 1102, 1105, 1108, 1110, 1112, 1115, 1117, 1119, 1122, 1124,
    1128, 1131, 1134, 1137, 1139, 1142, 1144, 1147, 1149, 1152, 1154, 1156,
    1158, 1160, 1162, 1165, 1167, 1169, 1172, 1175, 1178, 1181, 1183, 1185,
    1188, 1191, 1193, 1197, 1200, 1203, 1206, 1209, 1211, 1213, 1216, 1218,
    1220, 1222, 1224, 1226, 1229, 1231, 1233, 1236, 1239, 1241, 1243, 1245,
    1247, 1250, 1253, 1255, 1257, 1259, 1261, 1263, 1265, 1267, 1270, 1272,
    1274, 1276, 1279, 1281, 1284, 1287, 1291, 1293, 1295, 1297, 1299, 1302,
    1305, 1307, 1309, 1311, 1313, 1315, 1318, 1321, 1323, 1325, 1327, 1329,
    1332, 1335, 1337, 1339, 1343, 1345, 1347, 1349, 1352, 1354, 1357, 1359,
    1362, 1366, 1369, 1371, 1374, 1376, 1380, 1383, 1385, 1387, 1390, 1392,
    1395, 1397, 1400, 1403, 1406, 1409, 1411, 1413, 1417, 1419, 1422, 1424,
    1426, 1428, 1430, 1432, 1434, 1437, 1440, 1443, 1445, 1449, 1452, 1454,
    1456, 1458, 1460, 1463, 1466, 1469, 1472, 1474, 1477, 1480, 1482, 1485,
    1487, 1490, 1492, 1496, 1498, 1500, 1504, 1506, 1508, 1510, 1512, 1514,
    1517, 1519, 1521, 1525, 1527, 1529, 1531, 1533, 1535, 1537, 1539, 1541,
    1543, 1545, 1547, 1551, 1553, 1557, 1560, 1563, 1565, 1567, 1569, 1571,
    1573, 1575, 1578, 1580, 1582, 1584, 1586, 1589, 1591, 1593, 1596, 1598,
    1601, 1603, 1605, 1608, 1610, 1613, 1615, 1617, 1619, 1623, 1625, 1628,
    1631, 1635, 1637, 1639, 1641, 1643, 1645, 1648, 1651, 1654, 1656, 1658,
    1661, 1663, 1665, 1668, 1670, 1673, 1675, 1678, 1681, 1683, 1686, 1688,
    1690, 1692, 1694, 1697, 1700, 1702, 1704, 1707, 1709, 1713, 1715, 1717,
    1721, 1723, 1727, 1729, 1731, 1733, 1735, 1738, 1742, 1745, 1747, 1751,
    1753, 1755, 1758, 1760, 1762, 1764, 1767, 1769, 1773, 1775, 1778, 1781,
    1783, 1785, 1788, 1791, 1793, 1797, 1800, 1803, 1806, 1808, 1811, 1813,
    1815, 1817, 1819, 1822, 1824, 1826, 1829, 1832, 1834, 1838, 1840, 1842,
    1845, 1847, 1849, 1852, 1854, 1858, 1861, 1864, 1866, 1869, 1872, 1875,
    1877, 1879, 1882, 1885, 1887, 1889, 1891, 1893, 1895, 1897, 1899, 1903,
    1905, 1908, 1911, 1913, 1916, 1918, 1921, 1924, 1926, 1928, 1931, 1933,
    1935, 1937, 1940, 1942, 1946, 1949, 1951, 1955, 1957, 1959, 1962, 1964,
    1966, 1969, 1971, 1974, 1976, 1979, 1981, 1984, 1986, 1988, 1991, 1993,
    1995, 1998, 2000, 2002, 2005, 2007, 2009, 2012, 2014, 2017, 2019, 2021,
    2023, 2026, 2028, 2031, 2034, 2037, 2039, 2041, 2044, 2046, 2048, 2051,
    2054, 2056, 2059, 2061, 2063, 2065, 2067, 2069, 2071, 2074, 2077, 2079,
    2081, 2084, 2087, 2089, 2091, 2094, 2096, 2098, 2100, 2103, 2107, 2109,
    2112, 2115, 2118, 2121, 2124, 2126, 2128, 2131, 2134, 2137, 2140, 2142,
    2145, 2148, 2150, 2152, 2155, 2159, 2162, 2164, 2167, 2171, 2173, 2176,
    2178, 2181, 2183, 2185, 2188, 2191, 2193, 2196, 2198, 2200, 2203, 2205,
    2208, 2210, 2213, 2215, 2217, 2221, 2223, 2226, 2228, 2231, 2233, 2236,
    2238, 2241, 2243, 2245, 2247, 2249, 2252, 2255, 2257, 2260, 2263, 2266,
    2268, 2272, 2274, 2277, 2279, 2282, 2284, 2287, 2290, 2292, 2294, 2296,
    2298, 2300, 2302, 2304, 2306, 2308, 2310, 2312, 2314, 2316, 2319, 2322,
    2326, 2329, 2331, 2334, 2336, 2339, 2343, 2345, 2347, 2350, 2353, 2356,
    2358, 2361, 2364, 2366, 2369, 2371, 2373, 2375, 2378, 2380, 2383, 2386,
    2388, 2391
[2] 3, 8, 17, 22, 26, 30, 54, 61, 79, 89, 94, 99, 121, 124, 129, 135, 142,
    149, 177, 182, 185, 193, 204, 222, 245, 282, 286, 291, 308, 325, 333, 362,
    369, 374, 376, 385, 387, 393, 408, 418, 437, 453, 455, 460, 463, 469, 484,
    492, 496, 501, 504, 513, 515, 531, 550, 558, 561, 571, 577, 580, 584, 592,
    601, 620, 627, 629, 647, 651, 660, 672, 688, 694, 702, 717, 720, 732, 749,
    756, 762, 771, 781, 787, 827, 884, 922, 942, 945, 975, 985, 1025, 1028,
    1031, 1051, 1053, 1062, 1065, 1100, 1104, 1113, 1120, 1130, 1136, 1140,
    1145, 1151, 1171, 1177, 1180, 1199, 1202, 1214, 1227, 1237, 1282, 1285,
    1316, 1340, 1342, 1360, 1363, 1365, 1379, 1393, 1401, 1405, 1414, 1420,
    1439, 1442, 1446, 1461, 1467, 1470, 1501, 1548, 1550, 1554, 1556, 1562,
    1576, 1611, 1622, 1634, 1646, 1659, 1666, 1696, 1699, 1705, 1712, 1720,
    1726, 1744, 1750, 1756, 1765, 1770, 1772, 1794, 1796, 1809, 1821, 1828,
    1850, 1855, 1857, 1860, 1867, 1880, 1883, 1900, 1902, 1909, 1915, 1920,
    1923, 1929, 1938, 1943, 1945, 1948, 1961, 1973, 1989, 2015, 2024, 2029,
    2033, 2042, 2050, 2058, 2085, 2104, 2106, 2110, 2116, 2119, 2122, 2129,
    2132, 2144, 2147, 2156, 2158, 2161, 2170, 2174, 2187, 2190, 2201, 2212,
    2229, 2251, 2258, 2261, 2271, 2286, 2289, 2317, 2323, 2325, 2328, 2332,
    2337, 2340, 2355, 2367, 2377, 2381, 2385
[3] 47, 50, 66, 68, 82, 106, 114, 132, 151, 163, 218, 232, 240, 248, 257, 264,
    266, 300, 306, 314, 336, 350, 354, 359, 365, 382, 400, 403, 410, 415, 424,
    428, 440, 448, 467, 473, 477, 490, 507, 509, 518, 522, 527, 536, 545, 553,
    566, 599, 604, 611, 615, 617, 624, 633, 641, 668, 680, 691, 707, 725, 745,
    752, 764, 775, 777, 783, 789, 794, 797, 801, 803, 806, 810, 824, 831, 835,
    840, 844, 848, 852, 858, 861, 865, 868, 873, 890, 897, 908, 926, 930, 933,
    936, 949, 982, 989, 992, 997, 1005, 1014, 1019, 1034, 1036, 1039, 1073,
    1081, 1087, 1107, 1125, 1127, 1133, 1163, 1174, 1186, 1190, 1194, 1196,
    1205, 1208, 1234, 1248, 1252, 1269, 1278, 1288, 1290, 1300, 1304, 1319,
    1330, 1334, 1350, 1355, 1368, 1373, 1377, 1382, 1389, 1398, 1408, 1416,
    1435, 1448, 1451, 1464, 1476, 1479, 1483, 1489, 1493, 1495, 1503, 1515,
    1522, 1524, 1559, 1587, 1595, 1599, 1607, 1620, 1626, 1629, 1632, 1650,
    1653, 1672, 1676, 1679, 1684, 1710, 1718, 1724, 1736, 1739, 1741, 1748,
    1777, 1780, 1787, 1790, 1799, 1802, 1805, 1831, 1835, 1837, 1843, 1863,
    1870, 1874, 1906, 1952, 1954, 1968, 1978, 1982, 1996, 2003, 2011, 2036,
    2053, 2072, 2075, 2082, 2092, 2101, 2113, 2135, 2138, 2153, 2165, 2168,
    2179, 2194, 2206, 2218, 2220, 2225, 2235, 2239, 2254, 2264, 2269, 2275,
    2281, 2320, 2342, 2348, 2351, 2359, 2363, 2389, 2392

 Xixi Adjusted Rand Index:
0.6543304625827489
