
 Performance of golden standard model:
token_fitness
{"perc_fit_traces": 100.0, "average_trace_fitness": 1.0, "log_fitness": 1.0, "percentage_of_fitting_traces": 100.0}
precision
0.9323160762942779
0.6969696969696969
generalization
0.9018329673781886

 Xixi split labels:
['R_X_1']

 Xixi refined log results:

 IM without noise threshold:
token_fitness
{"perc_fit_traces": 100.0, "average_trace_fitness": 1.0, "log_fitness": 1.0, "percentage_of_fitting_traces": 100.0}
precision
0.6848678943154524
0.6811594202898551
generalization
0.9396524859375063

 Xixi clustering:
Clustering with 275 elements and 2 clusters

[1] 0, 1, 2, 3, 4, 5, 6, 7, 8, 9, 10, 11, 12, 13, 14, 15, 16, 17, 18, 19, 20,
    21, 22, 23, 24, 25, 26, 27, 28, 29, 30, 31, 32, 33, 34, 35, 36, 37, 38,
    39, 40, 41, 42, 43, 44, 45, 46, 47, 48, 49, 50, 51, 52, 53, 54, 55, 56,
    57, 58, 59, 60, 61, 62, 63, 64, 65, 66, 67, 68, 69, 70, 71, 72, 73, 74,
    75, 76, 77, 78, 79, 80, 81, 82, 83, 84, 85, 86, 87, 88, 89, 90, 91, 92,
    93, 94, 95, 96, 97, 98, 99, 100, 101, 102, 103, 104, 105, 106, 107, 108,
    109, 110, 111, 112, 113, 114, 115, 116, 117, 118, 119, 120, 121, 122, 123,
    124, 125, 126, 127, 128, 129, 130, 131, 132, 133, 134, 135, 136, 137, 138,
    139, 140, 141, 142, 143, 144, 145, 146, 147, 148, 149, 150, 151, 152, 153,
    154, 155, 156, 157, 158, 159, 160, 161, 162, 163, 164, 165, 166, 167, 168,
    169, 170, 171, 172, 173, 174, 175, 176, 177, 178, 179, 180, 181, 182, 183,
    184, 185, 186, 187, 188, 189, 190, 191, 192, 193, 194, 195, 196, 197, 198,
    199, 200, 201, 202, 203, 204, 205, 206, 207, 208, 209, 210, 211, 212, 213,
    214, 215, 216, 217, 218, 219, 220, 221, 222, 223, 224, 225, 226, 227, 228,
    229, 230, 231, 232, 233, 234, 235, 236, 237, 238, 239, 240, 241, 242, 243,
    244, 245, 246, 247, 248, 249, 250, 251, 252, 253, 254, 255, 256, 257, 258,
    259, 260, 261, 262, 263, 264, 265, 266, 267, 268, 269, 270, 271, 272, 273,
    274

 Data from log without imprecise labels

 IM without noise threshold:
token_fitness
{"perc_fit_traces": 100.0, "average_trace_fitness": 1.0, "log_fitness": 1.0, "percentage_of_fitting_traces": 100.0}
precision
0.935813953488372
0.6969696969696969
generalization
0.9348935289673708

 Original Labels:
['Q', 'M', 'R']

 Ground truth clustering clustering:
Clustering with 275 elements and 3 clusters
[0] 0, 2, 4, 6, 9, 12, 14, 16, 18, 21, 23, 25, 27, 29, 31, 33, 35, 37, 39, 41,
    43, 45, 47, 49, 51, 53, 55, 57, 59, 61, 63, 65, 67, 69, 71, 73, 75, 77,
    79, 81, 83, 85, 87, 89, 91, 93, 95, 97, 99, 101, 103, 105, 107, 109, 111,
    113, 115, 117, 119, 121, 123, 125, 127, 129, 131, 133, 135, 137, 139, 141,
    143, 145, 147, 149, 151, 153, 155, 157, 159, 161, 163, 165, 167, 169, 171,
    173, 175, 177, 179, 181, 183, 185, 187, 189, 191, 193, 195, 197, 199, 201,
    203, 205, 207, 209, 211, 213, 215, 217, 219, 221, 223, 225, 227, 229, 231,
    233, 235, 237, 239, 241, 243, 245, 247, 249, 251, 253, 255, 257, 259, 261,
    263, 265, 267, 269, 271, 273
[1] 8, 11, 20
[2] 1, 3, 5, 7, 10, 13, 15, 17, 19, 22, 24, 26, 28, 30, 32, 34, 36, 38, 40,
    42, 44, 46, 48, 50, 52, 54, 56, 58, 60, 62, 64, 66, 68, 70, 72, 74, 76,
    78, 80, 82, 84, 86, 88, 90, 92, 94, 96, 98, 100, 102, 104, 106, 108, 110,
    112, 114, 116, 118, 120, 122, 124, 126, 128, 130, 132, 134, 136, 138, 140,
    142, 144, 146, 148, 150, 152, 154, 156, 158, 160, 162, 164, 166, 168, 170,
    172, 174, 176, 178, 180, 182, 184, 186, 188, 190, 192, 194, 196, 198, 200,
    202, 204, 206, 208, 210, 212, 214, 216, 218, 220, 222, 224, 226, 228, 230,
    232, 234, 236, 238, 240, 242, 244, 246, 248, 250, 252, 254, 256, 258, 260,
    262, 264, 266, 268, 270, 272, 274

 Xixi Adjusted Rand Index:
1.0829446057568553e-16

 Performance of golden standard model:
token_fitness
{"perc_fit_traces": 100.0, "average_trace_fitness": 1.0, "log_fitness": 1.0, "percentage_of_fitting_traces": 100.0}
precision
0.9323160762942779
0.6969696969696969
generalization
0.9018329673781886

 Xixi split labels:
['R_X_1']

 Xixi refined log results:

 IM without noise threshold:
token_fitness
{"perc_fit_traces": 100.0, "average_trace_fitness": 1.0, "log_fitness": 1.0, "percentage_of_fitting_traces": 100.0}
precision
0.6848678943154524
0.6716417910447761
generalization
0.9385034964390739

 Xixi clustering:
Clustering with 275 elements and 2 clusters

[1] 0, 1, 2, 3, 4, 5, 6, 7, 8, 9, 10, 11, 12, 13, 14, 15, 16, 17, 18, 19, 20,
    21, 22, 23, 24, 25, 26, 27, 28, 29, 30, 31, 32, 33, 34, 35, 36, 37, 38,
    39, 40, 41, 42, 43, 44, 45, 46, 47, 48, 49, 50, 51, 52, 53, 54, 55, 56,
    57, 58, 59, 60, 61, 62, 63, 64, 65, 66, 67, 68, 69, 70, 71, 72, 73, 74,
    75, 76, 77, 78, 79, 80, 81, 82, 83, 84, 85, 86, 87, 88, 89, 90, 91, 92,
    93, 94, 95, 96, 97, 98, 99, 100, 101, 102, 103, 104, 105, 106, 107, 108,
    109, 110, 111, 112, 113, 114, 115, 116, 117, 118, 119, 120, 121, 122, 123,
    124, 125, 126, 127, 128, 129, 130, 131, 132, 133, 134, 135, 136, 137, 138,
    139, 140, 141, 142, 143, 144, 145, 146, 147, 148, 149, 150, 151, 152, 153,
    154, 155, 156, 157, 158, 159, 160, 161, 162, 163, 164, 165, 166, 167, 168,
    169, 170, 171, 172, 173, 174, 175, 176, 177, 178, 179, 180, 181, 182, 183,
    184, 185, 186, 187, 188, 189, 190, 191, 192, 193, 194, 195, 196, 197, 198,
    199, 200, 201, 202, 203, 204, 205, 206, 207, 208, 209, 210, 211, 212, 213,
    214, 215, 216, 217, 218, 219, 220, 221, 222, 223, 224, 225, 226, 227, 228,
    229, 230, 231, 232, 233, 234, 235, 236, 237, 238, 239, 240, 241, 242, 243,
    244, 245, 246, 247, 248, 249, 250, 251, 252, 253, 254, 255, 256, 257, 258,
    259, 260, 261, 262, 263, 264, 265, 266, 267, 268, 269, 270, 271, 272, 273,
    274

 Data from log without imprecise labels

 IM without noise threshold:
token_fitness
{"perc_fit_traces": 100.0, "average_trace_fitness": 1.0, "log_fitness": 1.0, "percentage_of_fitting_traces": 100.0}
precision
0.935813953488372
0.6969696969696969
generalization
0.9348935289673708

 Original Labels:
['M', 'R', 'Q']

 Ground truth clustering clustering:
Clustering with 275 elements and 3 clusters
[0] 8, 11, 20
[1] 1, 3, 5, 7, 10, 13, 15, 17, 19, 22, 24, 26, 28, 30, 32, 34, 36, 38, 40,
    42, 44, 46, 48, 50, 52, 54, 56, 58, 60, 62, 64, 66, 68, 70, 72, 74, 76,
    78, 80, 82, 84, 86, 88, 90, 92, 94, 96, 98, 100, 102, 104, 106, 108, 110,
    112, 114, 116, 118, 120, 122, 124, 126, 128, 130, 132, 134, 136, 138, 140,
    142, 144, 146, 148, 150, 152, 154, 156, 158, 160, 162, 164, 166, 168, 170,
    172, 174, 176, 178, 180, 182, 184, 186, 188, 190, 192, 194, 196, 198, 200,
    202, 204, 206, 208, 210, 212, 214, 216, 218, 220, 222, 224, 226, 228, 230,
    232, 234, 236, 238, 240, 242, 244, 246, 248, 250, 252, 254, 256, 258, 260,
    262, 264, 266, 268, 270, 272, 274
[2] 0, 2, 4, 6, 9, 12, 14, 16, 18, 21, 23, 25, 27, 29, 31, 33, 35, 37, 39, 41,
    43, 45, 47, 49, 51, 53, 55, 57, 59, 61, 63, 65, 67, 69, 71, 73, 75, 77,
    79, 81, 83, 85, 87, 89, 91, 93, 95, 97, 99, 101, 103, 105, 107, 109, 111,
    113, 115, 117, 119, 121, 123, 125, 127, 129, 131, 133, 135, 137, 139, 141,
    143, 145, 147, 149, 151, 153, 155, 157, 159, 161, 163, 165, 167, 169, 171,
    173, 175, 177, 179, 181, 183, 185, 187, 189, 191, 193, 195, 197, 199, 201,
    203, 205, 207, 209, 211, 213, 215, 217, 219, 221, 223, 225, 227, 229, 231,
    233, 235, 237, 239, 241, 243, 245, 247, 249, 251, 253, 255, 257, 259, 261,
    263, 265, 267, 269, 271, 273

 Xixi Adjusted Rand Index:
1.0829446057568553e-16

 Performance of golden standard model:
token_fitness
{"perc_fit_traces": 100.0, "average_trace_fitness": 1.0, "log_fitness": 1.0, "percentage_of_fitting_traces": 100.0}
precision
0.9323160762942779
0.6875
generalization
0.8991711971373836

 Xixi split labels:
['R_X_1']

 Xixi refined log results:

 IM without noise threshold:
token_fitness
{"perc_fit_traces": 100.0, "average_trace_fitness": 1.0, "log_fitness": 1.0, "percentage_of_fitting_traces": 100.0}
precision
0.6848678943154524
0.6716417910447761
generalization
0.9385034964390739

 Xixi clustering:
Clustering with 275 elements and 2 clusters

[1] 0, 1, 2, 3, 4, 5, 6, 7, 8, 9, 10, 11, 12, 13, 14, 15, 16, 17, 18, 19, 20,
    21, 22, 23, 24, 25, 26, 27, 28, 29, 30, 31, 32, 33, 34, 35, 36, 37, 38,
    39, 40, 41, 42, 43, 44, 45, 46, 47, 48, 49, 50, 51, 52, 53, 54, 55, 56,
    57, 58, 59, 60, 61, 62, 63, 64, 65, 66, 67, 68, 69, 70, 71, 72, 73, 74,
    75, 76, 77, 78, 79, 80, 81, 82, 83, 84, 85, 86, 87, 88, 89, 90, 91, 92,
    93, 94, 95, 96, 97, 98, 99, 100, 101, 102, 103, 104, 105, 106, 107, 108,
    109, 110, 111, 112, 113, 114, 115, 116, 117, 118, 119, 120, 121, 122, 123,
    124, 125, 126, 127, 128, 129, 130, 131, 132, 133, 134, 135, 136, 137, 138,
    139, 140, 141, 142, 143, 144, 145, 146, 147, 148, 149, 150, 151, 152, 153,
    154, 155, 156, 157, 158, 159, 160, 161, 162, 163, 164, 165, 166, 167, 168,
    169, 170, 171, 172, 173, 174, 175, 176, 177, 178, 179, 180, 181, 182, 183,
    184, 185, 186, 187, 188, 189, 190, 191, 192, 193, 194, 195, 196, 197, 198,
    199, 200, 201, 202, 203, 204, 205, 206, 207, 208, 209, 210, 211, 212, 213,
    214, 215, 216, 217, 218, 219, 220, 221, 222, 223, 224, 225, 226, 227, 228,
    229, 230, 231, 232, 233, 234, 235, 236, 237, 238, 239, 240, 241, 242, 243,
    244, 245, 246, 247, 248, 249, 250, 251, 252, 253, 254, 255, 256, 257, 258,
    259, 260, 261, 262, 263, 264, 265, 266, 267, 268, 269, 270, 271, 272, 273,
    274

 Data from log without imprecise labels

 IM without noise threshold:
token_fitness
{"perc_fit_traces": 100.0, "average_trace_fitness": 1.0, "log_fitness": 1.0, "percentage_of_fitting_traces": 100.0}
precision
0.935813953488372
0.6875
generalization
0.933554181190133

 Original Labels:
['M', 'Q', 'R']

 Ground truth clustering clustering:
Clustering with 275 elements and 3 clusters
[0] 8, 11, 20
[1] 0, 2, 4, 6, 9, 12, 14, 16, 18, 21, 23, 25, 27, 29, 31, 33, 35, 37, 39, 41,
    43, 45, 47, 49, 51, 53, 55, 57, 59, 61, 63, 65, 67, 69, 71, 73, 75, 77,
    79, 81, 83, 85, 87, 89, 91, 93, 95, 97, 99, 101, 103, 105, 107, 109, 111,
    113, 115, 117, 119, 121, 123, 125, 127, 129, 131, 133, 135, 137, 139, 141,
    143, 145, 147, 149, 151, 153, 155, 157, 159, 161, 163, 165, 167, 169, 171,
    173, 175, 177, 179, 181, 183, 185, 187, 189, 191, 193, 195, 197, 199, 201,
    203, 205, 207, 209, 211, 213, 215, 217, 219, 221, 223, 225, 227, 229, 231,
    233, 235, 237, 239, 241, 243, 245, 247, 249, 251, 253, 255, 257, 259, 261,
    263, 265, 267, 269, 271, 273
[2] 1, 3, 5, 7, 10, 13, 15, 17, 19, 22, 24, 26, 28, 30, 32, 34, 36, 38, 40,
    42, 44, 46, 48, 50, 52, 54, 56, 58, 60, 62, 64, 66, 68, 70, 72, 74, 76,
    78, 80, 82, 84, 86, 88, 90, 92, 94, 96, 98, 100, 102, 104, 106, 108, 110,
    112, 114, 116, 118, 120, 122, 124, 126, 128, 130, 132, 134, 136, 138, 140,
    142, 144, 146, 148, 150, 152, 154, 156, 158, 160, 162, 164, 166, 168, 170,
    172, 174, 176, 178, 180, 182, 184, 186, 188, 190, 192, 194, 196, 198, 200,
    202, 204, 206, 208, 210, 212, 214, 216, 218, 220, 222, 224, 226, 228, 230,
    232, 234, 236, 238, 240, 242, 244, 246, 248, 250, 252, 254, 256, 258, 260,
    262, 264, 266, 268, 270, 272, 274

 Xixi Adjusted Rand Index:
1.0829446057568553e-16
