
 Performance of golden standard model:
token_fitness
{"perc_fit_traces": 93.2, "average_trace_fitness": 0.985930581630647, "log_fitness": 0.9829660569808238, "percentage_of_fitting_traces": 93.2}
precision
0.9382242864228706
0.6811594202898551
generalization
0.9051758272624888

 Xixi split labels:
['A_X_1']

 Xixi refined log results:

 IM without noise threshold:
token_fitness
{"perc_fit_traces": 100.0, "average_trace_fitness": 1.0, "log_fitness": 1.0, "percentage_of_fitting_traces": 100.0}
precision
0.528436018957346
0.6756756756756757
generalization
0.9465156834551641

 Xixi clustering:
Clustering with 960 elements and 2 clusters

[1] 0, 1, 2, 3, 4, 5, 6, 7, 8, 9, 10, 11, 12, 13, 14, 15, 16, 17, 18, 19, 20,
    21, 22, 23, 24, 25, 26, 27, 28, 29, 30, 31, 32, 33, 34, 35, 36, 37, 38,
    39, 40, 41, 42, 43, 44, 45, 46, 47, 48, 49, 50, 51, 52, 53, 54, 55, 56,
    57, 58, 59, 60, 61, 62, 63, 64, 65, 66, 67, 68, 69, 70, 71, 72, 73, 74,
    75, 76, 77, 78, 79, 80, 81, 82, 83, 84, 85, 86, 87, 88, 89, 90, 91, 92,
    93, 94, 95, 96, 97, 98, 99, 100, 101, 102, 103, 104, 105, 106, 107, 108,
    109, 110, 111, 112, 113, 114, 115, 116, 117, 118, 119, 120, 121, 122, 123,
    124, 125, 126, 127, 128, 129, 130, 131, 132, 133, 134, 135, 136, 137, 138,
    139, 140, 141, 142, 143, 144, 145, 146, 147, 148, 149, 150, 151, 152, 153,
    154, 155, 156, 157, 158, 159, 160, 161, 162, 163, 164, 165, 166, 167, 168,
    169, 170, 171, 172, 173, 174, 175, 176, 177, 178, 179, 180, 181, 182, 183,
    184, 185, 186, 187, 188, 189, 190, 191, 192, 193, 194, 195, 196, 197, 198,
    199, 200, 201, 202, 203, 204, 205, 206, 207, 208, 209, 210, 211, 212, 213,
    214, 215, 216, 217, 218, 219, 220, 221, 222, 223, 224, 225, 226, 227, 228,
    229, 230, 231, 232, 233, 234, 235, 236, 237, 238, 239, 240, 241, 242, 243,
    244, 245, 246, 247, 248, 249, 250, 251, 252, 253, 254, 255, 256, 257, 258,
    259, 260, 261, 262, 263, 264, 265, 266, 267, 268, 269, 270, 271, 272, 273,
    274, 275, 276, 277, 278, 279, 280, 281, 282, 283, 284, 285, 286, 287, 288,
    289, 290, 291, 292, 293, 294, 295, 296, 297, 298, 299, 300, 301, 302, 303,
    304, 305, 306, 307, 308, 309, 310, 311, 312, 313, 314, 315, 316, 317, 318,
    319, 320, 321, 322, 323, 324, 325, 326, 327, 328, 329, 330, 331, 332, 333,
    334, 335, 336, 337, 338, 339, 340, 341, 342, 343, 344, 345, 346, 347, 348,
    349, 350, 351, 352, 353, 354, 355, 356, 357, 358, 359, 360, 361, 362, 363,
    364, 365, 366, 367, 368, 369, 370, 371, 372, 373, 374, 375, 376, 377, 378,
    379, 380, 381, 382, 383, 384, 385, 386, 387, 388, 389, 390, 391, 392, 393,
    394, 395, 396, 397, 398, 399, 400, 401, 402, 403, 404, 405, 406, 407, 408,
    409, 410, 411, 412, 413, 414, 415, 416, 417, 418, 419, 420, 421, 422, 423,
    424, 425, 426, 427, 428, 429, 430, 431, 432, 433, 434, 435, 436, 437, 438,
    439, 440, 441, 442, 443, 444, 445, 446, 447, 448, 449, 450, 451, 452, 453,
    454, 455, 456, 457, 458, 459, 460, 461, 462, 463, 464, 465, 466, 467, 468,
    469, 470, 471, 472, 473, 474, 475, 476, 477, 478, 479, 480, 481, 482, 483,
    484, 485, 486, 487, 488, 489, 490, 491, 492, 493, 494, 495, 496, 497, 498,
    499, 500, 501, 502, 503, 504, 505, 506, 507, 508, 509, 510, 511, 512, 513,
    514, 515, 516, 517, 518, 519, 520, 521, 522, 523, 524, 525, 526, 527, 528,
    529, 530, 531, 532, 533, 534, 535, 536, 537, 538, 539, 540, 541, 542, 543,
    544, 545, 546, 547, 548, 549, 550, 551, 552, 553, 554, 555, 556, 557, 558,
    559, 560, 561, 562, 563, 564, 565, 566, 567, 568, 569, 570, 571, 572, 573,
    574, 575, 576, 577, 578, 579, 580, 581, 582, 583, 584, 585, 586, 587, 588,
    589, 590, 591, 592, 593, 594, 595, 596, 597, 598, 599, 600, 601, 602, 603,
    604, 605, 606, 607, 608, 609, 610, 611, 612, 613, 614, 615, 616, 617, 618,
    619, 620, 621, 622, 623, 624, 625, 626, 627, 628, 629, 630, 631, 632, 633,
    634, 635, 636, 637, 638, 639, 640, 641, 642, 643, 644, 645, 646, 647, 648,
    649, 650, 651, 652, 653, 654, 655, 656, 657, 658, 659, 660, 661, 662, 663,
    664, 665, 666, 667, 668, 669, 670, 671, 672, 673, 674, 675, 676, 677, 678,
    679, 680, 681, 682, 683, 684, 685, 686, 687, 688, 689, 690, 691, 692, 693,
    694, 695, 696, 697, 698, 699, 700, 701, 702, 703, 704, 705, 706, 707, 708,
    709, 710, 711, 712, 713, 714, 715, 716, 717, 718, 719, 720, 721, 722, 723,
    724, 725, 726, 727, 728, 729, 730, 731, 732, 733, 734, 735, 736, 737, 738,
    739, 740, 741, 742, 743, 744, 745, 746, 747, 748, 749, 750, 751, 752, 753,
    754, 755, 756, 757, 758, 759, 760, 761, 762, 763, 764, 765, 766, 767, 768,
    769, 770, 771, 772, 773, 774, 775, 776, 777, 778, 779, 780, 781, 782, 783,
    784, 785, 786, 787, 788, 789, 790, 791, 792, 793, 794, 795, 796, 797, 798,
    799, 800, 801, 802, 803, 804, 805, 806, 807, 808, 809, 810, 811, 812, 813,
    814, 815, 816, 817, 818, 819, 820, 821, 822, 823, 824, 825, 826, 827, 828,
    829, 830, 831, 832, 833, 834, 835, 836, 837, 838, 839, 840, 841, 842, 843,
    844, 845, 846, 847, 848, 849, 850, 851, 852, 853, 854, 855, 856, 857, 858,
    859, 860, 861, 862, 863, 864, 865, 866, 867, 868, 869, 870, 871, 872, 873,
    874, 875, 876, 877, 878, 879, 880, 881, 882, 883, 884, 885, 886, 887, 888,
    889, 890, 891, 892, 893, 894, 895, 896, 897, 898, 899, 900, 901, 902, 903,
    904, 905, 906, 907, 908, 909, 910, 911, 912, 913, 914, 915, 916, 917, 918,
    919, 920, 921, 922, 923, 924, 925, 926, 927, 928, 929, 930, 931, 932, 933,
    934, 935, 936, 937, 938, 939, 940, 941, 942, 943, 944, 945, 946, 947, 948,
    949, 950, 951, 952, 953, 954, 955, 956, 957, 958, 959

 Data from log without imprecise labels

 IM without noise threshold:
token_fitness
{"perc_fit_traces": 100.0, "average_trace_fitness": 1.0, "log_fitness": 1.0, "percentage_of_fitting_traces": 100.0}
precision
0.9032244467860906
0.6811594202898551
generalization
0.9433888393896033

 Original Labels:
['A', 'I', 'T', 'J']

 Ground truth clustering clustering:
Clustering with 960 elements and 4 clusters
[0] 0, 2, 5, 7, 10, 12, 14, 17, 20, 22, 25, 28, 30, 32, 35, 37, 39, 42, 44,
    46, 49, 52, 54, 57, 60, 63, 65, 67, 69, 71, 74, 76, 79, 82, 84, 86, 89,
    92, 95, 97, 100, 103, 106, 109, 112, 114, 117, 120, 123, 125, 127, 129,
    132, 135, 138, 141, 144, 146, 149, 151, 154, 157, 160, 163, 165, 167, 170,
    172, 175, 177, 179, 181, 184, 187, 189, 191, 194, 196, 198, 201, 204, 207,
    210, 212, 214, 217, 220, 222, 225, 228, 231, 234, 236, 238, 241, 244, 247,
    250, 252, 254, 257, 260, 262, 265, 268, 271, 274, 276, 278, 281, 284, 286,
    288, 290, 293, 296, 299, 302, 304, 307, 310, 312, 315, 318, 321, 323, 325,
    328, 331, 334, 337, 339, 341, 344, 347, 350, 353, 355, 357, 359, 362, 365,
    367, 370, 373, 376, 379, 382, 385, 388, 391, 394, 396, 398, 401, 404, 407,
    410, 413, 416, 419, 422, 425, 428, 431, 434, 437, 440, 442, 445, 447, 450,
    452, 455, 457, 460, 463, 465, 468, 471, 474, 477, 479, 481, 483, 486, 489,
    491, 494, 496, 498, 501, 504, 507, 510, 513, 516, 519, 522, 525, 527, 530,
    533, 536, 538, 541, 544, 547, 550, 553, 556, 558, 561, 564, 566, 568, 571,
    574, 577, 580, 583, 585, 588, 590, 593, 596, 599, 602, 604, 607, 610, 612,
    614, 617, 620, 623, 626, 628, 630, 633, 636, 639, 642, 645, 648, 650, 653,
    655, 658, 661, 663, 666, 669, 671, 674, 677, 680, 683, 685, 688, 691, 693,
    696, 698, 701, 703, 705, 708, 711, 714, 717, 720, 723, 726, 729, 732, 735,
    738, 740, 742, 744, 746, 748, 750, 753, 755, 758, 761, 763, 766, 769, 771,
    774, 776, 779, 782, 785, 788, 791, 794, 797, 799, 801, 804, 807, 810, 813,
    815, 817, 819, 822, 825, 828, 830, 833, 835, 838, 841, 844, 847, 850, 852,
    854, 857, 860, 863, 866, 869, 871, 873, 876, 878, 881, 884, 886, 889, 892,
    894, 896, 899, 902, 905, 908, 910, 913, 915, 918, 921, 923, 926, 929, 932,
    935, 938, 940, 943, 946, 949, 952, 955, 958
[1] 3, 6, 13, 15, 23, 26, 29, 33, 36, 40, 43, 45, 50, 55, 61, 66, 72, 77, 80,
    83, 93, 96, 101, 104, 107, 113, 115, 121, 126, 128, 130, 133, 136, 139,
    142, 147, 150, 152, 158, 164, 171, 176, 182, 188, 192, 195, 197, 199, 208,
    213, 215, 221, 235, 239, 248, 251, 255, 261, 263, 269, 275, 277, 279, 285,
    287, 291, 294, 305, 311, 313, 316, 324, 326, 329, 332, 338, 345, 348, 356,
    360, 366, 371, 374, 377, 389, 402, 405, 411, 426, 429, 435, 441, 443, 448,
    451, 456, 458, 461, 466, 472, 475, 478, 482, 487, 490, 497, 499, 508, 517,
    520, 523, 526, 528, 531, 534, 537, 539, 542, 545, 554, 562, 565, 567, 578,
    591, 597, 600, 608, 613, 618, 621, 624, 640, 643, 649, 654, 656, 667, 670,
    675, 678, 681, 684, 686, 689, 694, 699, 706, 712, 721, 741, 747, 754, 759,
    764, 767, 772, 783, 789, 795, 800, 802, 805, 808, 811, 816, 818, 820, 823,
    829, 831, 834, 839, 845, 861, 864, 870, 882, 885, 887, 890, 893, 897, 900,
    906, 909, 911, 914, 916, 919, 930, 941, 944, 956, 959
[2] 4, 9, 16, 19, 24, 27, 34, 41, 48, 51, 56, 59, 62, 73, 78, 81, 88, 91, 94,
    99, 102, 105, 108, 111, 116, 119, 122, 131, 134, 137, 140, 143, 148, 153,
    156, 159, 162, 169, 174, 183, 186, 193, 200, 203, 206, 209, 216, 219, 224,
    227, 230, 233, 240, 243, 246, 249, 256, 259, 264, 267, 270, 273, 280, 283,
    292, 295, 298, 301, 306, 309, 314, 317, 320, 327, 330, 333, 336, 343, 346,
    349, 352, 361, 364, 369, 372, 375, 378, 381, 384, 387, 390, 393, 400, 403,
    406, 409, 412, 415, 418, 421, 424, 427, 430, 433, 436, 439, 444, 449, 454,
    459, 462, 467, 470, 473, 476, 485, 488, 493, 500, 503, 506, 509, 512, 515,
    518, 521, 524, 529, 532, 535, 540, 543, 546, 549, 552, 555, 560, 563, 570,
    573, 576, 579, 582, 587, 592, 595, 598, 601, 606, 609, 616, 619, 622, 625,
    632, 635, 638, 641, 644, 647, 652, 657, 660, 665, 668, 673, 676, 679, 682,
    687, 690, 695, 700, 707, 710, 713, 716, 719, 722, 725, 728, 731, 734, 737,
    752, 757, 760, 765, 768, 773, 778, 781, 784, 787, 790, 793, 796, 803, 806,
    809, 812, 821, 824, 827, 832, 837, 840, 843, 846, 849, 856, 859, 862, 865,
    868, 875, 880, 883, 888, 891, 898, 901, 904, 907, 912, 917, 920, 925, 928,
    931, 934, 937, 942, 945, 948, 951, 954, 957
[3] 1, 8, 11, 18, 21, 31, 38, 47, 53, 58, 64, 68, 70, 75, 85, 87, 90, 98, 110,
    118, 124, 145, 155, 161, 166, 168, 173, 178, 180, 185, 190, 202, 205, 211,
    218, 223, 226, 229, 232, 237, 242, 245, 253, 258, 266, 272, 282, 289, 297,
    300, 303, 308, 319, 322, 335, 340, 342, 351, 354, 358, 363, 368, 380, 383,
    386, 392, 395, 397, 399, 408, 414, 417, 420, 423, 432, 438, 446, 453, 464,
    469, 480, 484, 492, 495, 502, 505, 511, 514, 548, 551, 557, 559, 569, 572,
    575, 581, 584, 586, 589, 594, 603, 605, 611, 615, 627, 629, 631, 634, 637,
    646, 651, 659, 662, 664, 672, 692, 697, 702, 704, 709, 715, 718, 724, 727,
    730, 733, 736, 739, 743, 745, 749, 751, 756, 762, 770, 775, 777, 780, 786,
    792, 798, 814, 826, 836, 842, 848, 851, 853, 855, 858, 867, 872, 874, 877,
    879, 895, 903, 922, 924, 927, 933, 936, 939, 947, 950, 953

 Xixi Adjusted Rand Index:
-1.5277028840585427e-16
